Date,Restaurant Name,Food Category,Delivery Fee (CAD),Total Cost (CAD),Delivery Time (Minutes),Customer Rating,Payment Method,Delivery Count,Location
2021-01-01,Taco Bell,Fast Food,7.794539757,35.89363234,38.17612618,3.817341264,Cash,154,Toronto
2021-01-02,Dominos,Indian,8.33674907,49.23497387,51.20757074,4.714387526,Gift Card,131,Toronto
2021-01-03,Starbucks,Italian,5.238387433,91.04463779,59.90491289,3.954974038,Cash,116,Toronto
2021-01-04,Burger King,Japanese,7.232606363,15.03763642,27.64528354,2.225071548,Credit Card,59,Toronto
2021-01-05,Taco Bell,American,4.833889924,91.61756321,38.38603279,2.060325137,Debit Card,98,Toronto
2021-01-06,A&W,American,6.204036976,28.07359709,37.23935608,3.784769801,PayPal,160,Toronto
2021-01-07,Subway,Fast Food,5.853078772,99.15734197,32.17970131,1.771482275,Debit Card,114,Toronto
2021-01-08,Taco Bell,Vegan,3.415097161,96.16199441,27.92382067,1.370859243,Cash,106,Toronto
2021-01-09,Starbucks,Vegan,5.096630083,57.04739112,22.62768466,3.128891499,PayPal,76,Toronto
2021-01-10,Burger King,Fast Food,9.710578204,58.58122106,55.48477269,4.286566279,Gift Card,162,Toronto
2021-01-11,Dominos,Chinese,3.988642062,55.93169392,36.79394791,1.40551937,Debit Card,182,Toronto
2021-01-12,Starbucks,Italian,3.07042989,69.01270988,39.87582074,4.167565295,PayPal,120,Toronto
2021-01-13,Starbucks,American,5.348644973,22.71134469,56.67768193,4.246288017,PayPal,132,Toronto
2021-01-14,Subway,American,8.322701887,17.77252561,51.0516191,2.929096,PayPal,106,Toronto
2021-01-15,KFC,Chinese,6.657185838,19.90474892,25.22005056,1.22924124,Credit Card,169,Toronto
2021-01-16,Burger King,American,7.447798618,52.77105469,42.6167987,1.698359405,Debit Card,142,Toronto
2021-01-17,McDonalds,Japanese,3.517558785,38.42157483,37.69009106,3.829705101,PayPal,64,Toronto
2021-01-18,Starbucks,Italian,6.951585544,67.8733628,51.8884429,3.84711178,Debit Card,160,Toronto
2021-01-19,KFC,Mediterranean,4.588003159,99.3575946,48.9693019,4.593421101,PayPal,150,Toronto
2021-01-20,McDonalds,American,8.674426928,47.83746971,47.61622888,3.330744586,Gift Card,168,Toronto
2021-01-21,Burger King,Fast Food,7.034390448,63.7765066,33.62179342,1.496429471,Gift Card,125,Toronto
2021-01-22,Pizza Hut,Japanese,3.590850222,50.32633115,52.19854922,1.485659622,Gift Card,69,Toronto
2021-01-23,A&W,American,2.516933439,87.01809176,22.09565182,3.884529429,Cash,180,Toronto
2021-01-24,KFC,Japanese,2.341065674,91.69009429,26.38499606,1.73513866,PayPal,122,Toronto
2021-01-25,Chipotle,Thai,4.971268541,89.57522704,33.42493092,2.313541998,Cash,171,Toronto
2021-01-26,Pizza Hut,Mediterranean,4.126809093,97.82164029,23.07229764,2.948848028,Debit Card,90,Toronto
2021-01-27,A&W,Mexican,7.168720988,17.33913074,29.3997711,1.09905951,Cash,179,Toronto
2021-01-28,Subway,Fast Food,5.99467068,86.38437378,53.20603932,1.995276108,Debit Card,72,Toronto
2021-01-29,Taco Bell,Fast Food,4.128154224,78.90063471,57.93006151,2.631558434,Debit Card,72,Toronto
2021-01-30,Dominos,Italian,3.193902224,34.4390248,32.18409423,2.118545274,Debit Card,193,Toronto
2021-01-31,Chipotle,Japanese,3.017598101,96.28720794,30.58063216,1.54548131,Cash,58,Toronto
2021-02-01,Subway,Chinese,8.917283137,27.5951239,31.19570609,3.912049031,PayPal,62,Toronto
2021-02-02,Burger King,Fast Food,3.947823747,72.76174381,31.10876349,4.252590621,Cash,100,Toronto
2021-02-03,Subway,Japanese,7.213685183,34.11566843,21.43720729,2.029915905,PayPal,113,Toronto
2021-02-04,Taco Bell,Japanese,8.485487424,51.66735515,57.07665385,4.097677978,PayPal,101,Toronto
2021-02-05,Burger King,Indian,6.912650489,76.12859124,28.54792566,2.542214258,Debit Card,87,Toronto
2021-02-06,Chipotle,Indian,8.876521853,62.88259457,36.80016296,3.026743163,Cash,149,Toronto
2021-02-07,Taco Bell,Mexican,5.139149772,51.33765566,20.38747531,4.4240043,PayPal,195,Toronto
2021-02-08,McDonalds,Thai,9.649777525,42.73876663,54.31820364,3.999814727,Gift Card,100,Toronto
2021-02-09,Dominos,Mexican,3.065160033,86.37107074,49.24629378,4.220467405,PayPal,186,Toronto
2021-02-10,Chipotle,American,2.817196237,27.22421978,57.87024141,1.547380666,Gift Card,190,Toronto
2021-02-11,McDonalds,Chinese,7.26953717,51.55874451,51.26461917,1.278877703,Cash,104,Toronto
2021-02-12,A&W,American,9.542649131,91.8193936,32.54826048,4.573618916,Cash,158,Toronto
2021-02-13,Chipotle,Vegan,8.471067693,86.89721179,29.91493435,2.551337078,Cash,93,Toronto
2021-02-14,A&W,American,2.611334876,49.08004981,47.9086523,2.151518712,PayPal,159,Toronto
2021-02-15,Burger King,Italian,4.234941711,79.86421091,34.564511,3.898785017,Credit Card,177,Toronto
2021-02-16,McDonalds,American,9.442551079,84.96867061,42.64860063,4.345662386,PayPal,154,Toronto
2021-02-17,Dominos,Mexican,4.024467462,90.55543104,20.25029884,4.449958488,PayPal,59,Toronto
2021-02-18,Taco Bell,Fast Food,8.24936339,61.28299037,22.47542807,2.263988565,Debit Card,149,Toronto
2021-02-19,Starbucks,Fast Food,8.601057567,32.37917531,41.41471765,4.408849565,Debit Card,197,Toronto
2021-02-20,Subway,Indian,5.963616828,36.7012715,42.64286586,1.163735777,PayPal,158,Toronto
2021-02-21,Pizza Hut,Chinese,5.090791279,40.13404729,50.05811778,1.198645966,Gift Card,157,Toronto
2021-02-22,Dominos,Chinese,5.600995459,65.47321087,25.27861278,3.494076781,Debit Card,189,Toronto
2021-02-23,McDonalds,Italian,3.815717555,17.78881805,40.52732335,1.252425476,PayPal,195,Toronto
2021-02-24,Starbucks,Mexican,9.115127329,69.06360985,27.77790578,2.298436674,Credit Card,143,Toronto
2021-02-25,Dominos,Indian,5.604957254,45.97011027,23.72784478,3.691023945,Gift Card,112,Toronto
2021-02-26,McDonalds,Vegan,9.059675524,40.09555321,36.41983176,2.349067584,Cash,133,Toronto
2021-02-27,KFC,Chinese,2.845547839,89.75720851,26.53346592,1.718399126,PayPal,74,Toronto
2021-02-28,KFC,Fast Food,9.906202168,54.10020362,28.87127913,2.125402487,PayPal,61,Toronto
2021-03-01,A&W,American,5.5461847,23.07950887,32.70218319,2.830301329,Gift Card,198,Toronto
2021-03-02,Dominos,American,2.382646563,85.27347528,30.37553603,2.901543421,Debit Card,74,Toronto
2021-03-03,KFC,Indian,2.304174786,19.04950688,23.5036519,4.132000925,Debit Card,60,Toronto
2021-03-04,McDonalds,Mexican,7.96965806,76.77368405,23.59664979,4.000612918,Debit Card,113,Toronto
2021-03-05,A&W,Mexican,7.272284274,80.78202885,27.72997661,2.827271218,Cash,175,Toronto
2021-03-06,McDonalds,Thai,8.417044465,44.9712215,22.02236752,4.382669396,Gift Card,99,Toronto
2021-03-07,A&W,Mediterranean,2.842940272,85.10696778,45.05828079,1.456948554,Gift Card,138,Toronto
2021-03-08,Dominos,Chinese,2.284566936,58.8310495,31.49306866,2.021413401,Debit Card,148,Toronto
2021-03-09,Starbucks,Mexican,6.068634316,54.37996053,31.18983871,4.311905854,Debit Card,165,Toronto
2021-03-10,Taco Bell,Fast Food,5.100761852,18.85927892,33.27993177,2.511976155,Credit Card,145,Toronto
2021-03-11,Chipotle,Indian,5.695575493,39.65248146,46.51185097,4.924726235,Credit Card,63,Toronto
2021-03-12,Starbucks,Vegan,9.932707271,94.13584753,54.82535526,2.865013126,PayPal,50,Toronto
2021-03-13,Burger King,Thai,9.765999661,48.30503688,50.3634773,4.167742492,PayPal,74,Toronto
2021-03-14,McDonalds,Japanese,9.538523117,61.46954425,49.10116921,2.609228166,Gift Card,121,Toronto
2021-03-15,Burger King,Italian,8.270741414,60.22184271,39.37564742,2.699814076,Gift Card,118,Toronto
2021-03-16,Starbucks,Vegan,4.838730882,65.18664263,47.75222228,2.531532589,Cash,182,Toronto
2021-03-17,A&W,Japanese,5.297047442,20.21313123,42.11049472,3.876302482,Cash,154,Toronto
2021-03-18,Chipotle,American,6.39692835,45.78498166,28.65002113,3.190071536,Credit Card,196,Toronto
2021-03-19,Chipotle,Italian,8.644275651,76.46590328,28.34353471,4.775112445,PayPal,72,Toronto
2021-03-20,Pizza Hut,Chinese,2.54970266,32.04762134,31.85568028,2.003561266,Credit Card,58,Toronto
2021-03-21,Chipotle,Fast Food,5.394375087,32.30416209,56.43210684,1.402250928,Credit Card,167,Toronto
2021-03-22,Taco Bell,Italian,2.660941308,15.85770157,41.89659362,2.57304594,PayPal,143,Toronto
2021-03-23,Chipotle,Mediterranean,6.117260693,52.18596376,49.35621508,3.466850831,Cash,193,Toronto
2021-03-24,Starbucks,Japanese,9.191206592,90.03242236,33.86235039,4.443195748,PayPal,82,Toronto
2021-03-25,Pizza Hut,Chinese,8.259879397,19.4115802,36.30863083,2.384787547,Debit Card,179,Toronto
2021-03-26,Starbucks,Mediterranean,3.82273934,31.24509031,25.02262315,3.615147004,Debit Card,63,Toronto
2021-03-27,Starbucks,American,9.807926797,41.35718576,26.85179831,2.400794724,Debit Card,50,Toronto
2021-03-28,Subway,Mediterranean,7.338803184,77.19660261,53.09426219,3.468878332,Gift Card,139,Toronto
2021-03-29,Pizza Hut,Thai,2.083421595,69.45402539,43.39354527,4.539231788,Cash,138,Toronto
2021-03-30,Starbucks,Thai,4.043307877,50.35523189,33.50129864,1.925430569,Cash,193,Toronto
2021-03-31,Subway,Indian,4.085706399,79.52085984,52.11404836,2.616966568,Gift Card,139,Toronto
2021-04-01,Subway,Vegan,2.55403445,66.81863599,29.86079623,4.973060786,Credit Card,63,Toronto
2021-04-02,Pizza Hut,Vegan,9.678612145,91.16346797,59.04130794,4.474228113,Debit Card,160,Toronto
2021-04-03,Burger King,Chinese,5.826042357,84.53227368,33.79270431,3.258559432,Debit Card,192,Toronto
2021-04-04,A&W,American,9.166516779,36.48915652,33.49243817,3.066510367,Credit Card,132,Toronto
2021-04-05,Taco Bell,Mexican,4.577724028,38.0722791,32.47647622,2.138401529,PayPal,121,Toronto
2021-04-06,A&W,Thai,3.001868563,25.65530044,24.88446064,3.068837711,PayPal,179,Toronto
2021-04-07,Chipotle,Chinese,5.794688879,43.64200169,24.44548589,4.392725993,Cash,76,Toronto
2021-04-08,Taco Bell,Mexican,2.911653078,99.96123309,45.92420138,3.740698053,Gift Card,123,Toronto
2021-04-09,Chipotle,Vegan,5.888124024,49.48884933,55.00472178,2.160176113,Cash,148,Toronto
2021-04-10,Starbucks,Indian,9.36237745,33.74151695,51.62082041,1.805855684,PayPal,121,Toronto
2021-04-11,McDonalds,Mediterranean,6.166145135,79.81104518,25.64430376,2.060834148,Credit Card,72,Toronto
2021-04-12,Pizza Hut,Thai,6.931997815,61.11003529,41.82328487,1.679036806,Cash,117,Toronto
2021-04-13,Taco Bell,Chinese,3.253107496,27.71612321,24.22366184,1.382562784,Debit Card,191,Toronto
2021-04-14,Taco Bell,Italian,2.349885007,47.3586229,21.81178574,2.676544698,Debit Card,166,Toronto
2021-04-15,Starbucks,Mexican,2.886463697,50.22992582,46.25543438,1.453198418,Credit Card,155,Toronto
2021-04-16,Burger King,Mediterranean,6.788252605,79.07552455,41.40609335,1.687650231,PayPal,142,Toronto
2021-04-17,Subway,Thai,2.760093592,16.75706636,23.28094741,3.189298737,Debit Card,114,Toronto
2021-04-18,Starbucks,Vegan,5.00794312,37.86666998,21.39756986,1.658397095,Debit Card,117,Toronto
2021-04-19,KFC,American,6.400735524,58.99568561,59.59025654,1.25551907,Gift Card,177,Toronto
2021-04-20,Subway,Mexican,5.109222389,37.85197311,21.20085329,2.2695554,Cash,112,Toronto
2021-04-21,Pizza Hut,Vegan,3.309470412,68.41689403,37.78113012,1.881276394,PayPal,162,Toronto
2021-04-22,Subway,Thai,4.19033046,55.95873574,40.18476098,3.061220752,Cash,139,Toronto
2021-04-23,Burger King,Mexican,9.426540263,45.74537166,24.69120591,1.409468338,PayPal,130,Toronto
2021-04-24,Subway,Mediterranean,7.407858205,95.68273328,26.76247114,4.007083151,Debit Card,152,Toronto
2021-04-25,Pizza Hut,Thai,5.968382709,68.73355743,34.07220026,4.624934078,Gift Card,165,Toronto
2021-04-26,Burger King,Japanese,2.10171912,26.04501664,50.46703505,3.973740696,Cash,62,Toronto
2021-04-27,A&W,Chinese,9.939323204,62.60779428,40.28329696,3.13130815,Debit Card,173,Toronto
2021-04-28,Taco Bell,Mediterranean,7.371639479,81.36220752,45.51607498,4.442671287,PayPal,196,Toronto
2021-04-29,Taco Bell,Mexican,4.535379819,75.22162429,59.4069822,3.779673519,Cash,137,Toronto
2021-04-30,Chipotle,American,9.03414928,29.62758449,50.72021741,1.04220449,Cash,60,Toronto
2021-05-01,A&W,Vegan,4.067452962,97.65569992,37.37445993,2.576360611,Debit Card,64,Toronto
2021-05-02,A&W,Italian,6.352132633,53.14915989,37.85767687,4.403807598,Cash,59,Toronto
2021-05-03,Subway,Vegan,7.08856611,28.51712532,44.75088308,2.383435432,Gift Card,90,Toronto
2021-05-04,Taco Bell,Mexican,3.768506972,30.3166391,46.61460834,1.140860694,Gift Card,122,Toronto
2021-05-05,Pizza Hut,Vegan,9.82717823,23.34997434,40.02843703,3.984718554,Debit Card,101,Toronto
2021-05-06,Dominos,Chinese,7.985535248,83.29903922,45.79444891,4.208153081,PayPal,177,Toronto
2021-05-07,Dominos,Thai,6.462505804,25.37259202,20.94129978,1.64237478,Debit Card,77,Toronto
2021-05-08,Burger King,Italian,3.444756785,25.63564686,37.18491456,3.149361987,Gift Card,114,Toronto
2021-05-09,Taco Bell,Fast Food,2.430865656,87.29008725,31.15752304,1.767821756,Credit Card,66,Toronto
2021-05-10,Taco Bell,Mexican,4.56047866,44.29134718,25.16697781,3.876937676,Credit Card,144,Toronto
2021-05-11,Dominos,Indian,8.025498687,17.62292187,23.98186051,2.086201821,Cash,187,Toronto
2021-05-12,Taco Bell,Fast Food,4.154650386,19.41110046,44.12768662,2.26486049,Cash,112,Toronto
2021-05-13,Subway,Vegan,6.316449764,27.08448797,40.94402189,4.379883415,Credit Card,87,Toronto
2021-05-14,KFC,Mexican,7.823577414,33.13843458,30.14336468,2.905289409,Gift Card,119,Toronto
2021-05-15,McDonalds,Japanese,2.863549717,71.53742651,38.83800235,3.679017805,Cash,153,Toronto
2021-05-16,A&W,Indian,7.482384129,28.3727338,39.68929261,2.609492203,Debit Card,102,Toronto
2021-05-17,Chipotle,Italian,2.734967102,25.10432325,27.80035922,2.192027429,Debit Card,168,Toronto
2021-05-18,Burger King,American,9.721037937,80.00112703,46.08372248,3.501912242,Gift Card,123,Toronto
2021-05-19,KFC,Japanese,5.907153041,72.03969913,51.23677426,1.619430296,Cash,103,Toronto
2021-05-20,Dominos,Fast Food,3.205408862,52.00255882,51.65854164,2.491999342,Debit Card,69,Toronto
2021-05-21,A&W,Thai,4.739069088,61.69133058,44.09879323,1.83614815,Cash,128,Toronto
2021-05-22,Taco Bell,Chinese,5.307331594,41.51864173,40.4655433,3.783179868,Cash,80,Toronto
2021-05-23,Chipotle,American,8.065480089,56.01253572,22.44028572,4.776835353,Debit Card,184,Toronto
2021-05-24,Taco Bell,Japanese,7.947390289,58.06717516,31.51325195,4.982043872,Credit Card,107,Toronto
2021-05-25,Pizza Hut,Thai,6.895524043,47.91516805,23.73085787,2.801107242,Debit Card,154,Toronto
2021-05-26,Pizza Hut,Thai,2.8474457,92.05863791,58.55292644,2.010121559,Gift Card,59,Toronto
2021-05-27,Chipotle,Mexican,3.212554973,16.36525852,25.40320585,2.771317482,PayPal,59,Toronto
2021-05-28,Chipotle,Japanese,2.750055365,81.48455736,26.07101639,4.38907764,Debit Card,88,Toronto
2021-05-29,Dominos,Italian,6.617382266,25.57254066,55.58306473,1.824022714,Cash,86,Toronto
2021-05-30,Chipotle,Vegan,9.017107532,82.79152565,57.75713134,4.808382607,Cash,168,Toronto
2021-05-31,Subway,Indian,5.470404098,67.35251283,50.63316157,2.367463075,Debit Card,116,Toronto
2021-06-01,Taco Bell,Indian,3.286785392,86.67863773,20.21619695,4.943214638,PayPal,92,Toronto
2021-06-02,KFC,Fast Food,6.464338601,23.28871768,20.05385084,4.35443555,Debit Card,101,Toronto
2021-06-03,Starbucks,Fast Food,8.494017735,62.5133539,35.12403079,4.234282137,PayPal,150,Toronto
2021-06-04,Chipotle,Indian,7.933696492,57.59246982,25.7358148,2.271618695,PayPal,105,Toronto
2021-06-05,Burger King,Italian,9.051606237,75.02642055,20.73544569,1.035108848,Gift Card,125,Toronto
2021-06-06,Pizza Hut,Chinese,4.223216778,60.41469691,38.56266758,2.528531635,Cash,117,Toronto
2021-06-07,Subway,Mediterranean,3.551630938,60.96243821,57.7224759,2.207237479,Cash,186,Toronto
2021-06-08,A&W,Vegan,9.038531888,51.5156552,32.952783,1.149587962,PayPal,155,Toronto
2021-06-09,Starbucks,Chinese,7.260482502,41.25092604,46.44562714,3.021461026,Cash,174,Toronto
2021-06-10,KFC,Mexican,4.48743144,55.99247071,46.08941413,2.612125245,Credit Card,141,Toronto
2021-06-11,Starbucks,Mediterranean,7.938784405,25.0718505,30.04320415,3.538225871,PayPal,72,Toronto
2021-06-12,Chipotle,Mediterranean,8.520947076,96.72863381,46.01700995,3.484745289,Cash,158,Toronto
2021-06-13,Dominos,Japanese,6.919825923,75.72491491,28.49335897,1.482986544,Credit Card,110,Toronto
2021-06-14,Pizza Hut,Italian,7.503072879,95.95970492,24.88029654,4.907862185,Gift Card,93,Toronto
2021-06-15,Pizza Hut,Italian,5.002079236,34.2718275,48.05533142,1.747725718,Cash,65,Toronto
2021-06-16,A&W,Mediterranean,6.309565339,89.74398672,24.53763268,2.781096099,Credit Card,71,Toronto
2021-06-17,Dominos,Japanese,6.193273366,83.74714869,59.87636874,2.952470174,Debit Card,106,Toronto
2021-06-18,Taco Bell,Vegan,8.784382329,72.55795506,27.33809605,4.252251189,Debit Card,111,Toronto
2021-06-19,McDonalds,Mediterranean,8.719711842,68.12748082,43.76567451,1.396918384,Credit Card,156,Toronto
2021-06-20,Subway,American,8.661443755,41.90672155,36.45498286,2.714577117,PayPal,120,Toronto
2021-06-21,Pizza Hut,Fast Food,2.088252914,84.39491672,25.0554569,3.514008681,PayPal,139,Toronto
2021-06-22,Burger King,Fast Food,7.996363876,57.62881423,21.1137563,1.860622486,Cash,121,Toronto
2021-06-23,Pizza Hut,Chinese,8.069411121,21.02578395,44.90929129,3.509871595,Debit Card,119,Toronto
2021-06-24,Starbucks,Mexican,7.427030583,41.59336867,52.27030255,4.69465935,PayPal,79,Toronto
2021-06-25,Pizza Hut,Fast Food,8.050117263,94.50025338,53.68062646,4.990072525,PayPal,152,Toronto
2021-06-26,Pizza Hut,Thai,8.735762972,87.30782215,39.30853892,1.129804307,Debit Card,81,Toronto
2021-06-27,McDonalds,Chinese,5.762552433,98.46198434,51.09821869,1.942352913,Gift Card,135,Toronto
2021-06-28,McDonalds,Fast Food,6.016401708,68.37943752,46.91388534,2.241228463,PayPal,106,Toronto
2021-06-29,KFC,Mexican,2.997712455,36.03835622,48.9701811,2.596504402,Credit Card,158,Toronto
2021-06-30,Taco Bell,Italian,5.083007064,28.83927922,39.70396021,1.96902863,Cash,58,Toronto
2021-07-01,Burger King,Italian,7.146921439,30.88772745,45.33646961,1.813951978,PayPal,80,Toronto
2021-07-02,Pizza Hut,Vegan,8.243198209,16.68263096,52.22103654,4.81821537,PayPal,120,Toronto
2021-07-03,Pizza Hut,Mediterranean,3.737672782,48.20797943,35.91536702,4.674086411,Gift Card,186,Toronto
2021-07-04,Subway,American,3.102583193,31.27135284,52.23915603,1.187970004,Credit Card,62,Toronto
2021-07-05,McDonalds,Italian,7.304336036,49.99071414,43.68067371,2.355252086,Cash,180,Toronto
2021-07-06,Burger King,Japanese,2.015039068,94.47452671,26.63604097,2.620594215,PayPal,84,Toronto
2021-07-07,A&W,Fast Food,3.426980674,51.59591781,20.98736629,1.956058139,Cash,70,Toronto
2021-07-08,KFC,Japanese,2.232571043,89.62868224,34.51014402,3.515491588,Debit Card,113,Toronto
2021-07-09,Taco Bell,Mexican,3.335080943,66.46790516,41.86785313,3.561522987,PayPal,144,Toronto
2021-07-10,Dominos,Italian,3.450554239,36.00618215,53.59281409,4.402016913,PayPal,83,Toronto
2021-07-11,Taco Bell,American,5.101388758,45.24765454,25.09942721,3.963477074,Debit Card,170,Toronto
2021-07-12,Starbucks,Mexican,5.218616997,22.13316054,52.00825391,3.170293308,Gift Card,64,Toronto
2021-07-13,Pizza Hut,Thai,8.994099765,43.34432046,54.52036184,3.61434708,PayPal,169,Toronto
2021-07-14,KFC,Thai,6.0808777,72.59098037,26.02749948,2.095955126,Cash,145,Toronto
2021-07-15,Starbucks,Japanese,7.787238125,21.1294429,54.06377277,3.37222476,Credit Card,55,Toronto
2021-07-16,Burger King,Mediterranean,2.833098863,32.45911972,59.65814271,2.956909019,Cash,158,Toronto
2021-07-17,Dominos,Chinese,3.803510044,47.42248852,49.07355324,1.533377869,Gift Card,146,Toronto
2021-07-18,McDonalds,Mediterranean,7.623547528,98.47421065,51.39078727,1.970177106,Credit Card,81,Toronto
2021-07-19,KFC,Vegan,2.422431684,81.71325495,59.7766107,2.166773803,Cash,132,Toronto
2021-07-20,KFC,Mediterranean,5.892781298,77.34637345,44.21925002,4.697238268,Cash,167,Toronto
2021-07-21,Pizza Hut,Vegan,6.794951725,24.8762313,32.31545528,1.921546558,Debit Card,128,Toronto
2021-07-22,Chipotle,Vegan,6.817165152,81.38465096,53.50123336,2.156975611,Gift Card,127,Toronto
2021-07-23,KFC,American,2.18346249,81.74784898,44.5794311,2.47741652,Debit Card,196,Toronto
2021-07-24,Subway,Italian,4.576864034,66.09372913,43.24781695,3.654970955,Credit Card,156,Toronto
2021-07-25,Dominos,American,7.091925208,99.18075147,30.14542222,1.47295357,Debit Card,175,Toronto
2021-07-26,Dominos,Vegan,3.191997889,42.646582,50.25337078,4.81578085,Gift Card,64,Toronto
2021-07-27,Subway,Mexican,7.563325187,95.0081581,23.26669103,4.46228488,PayPal,183,Toronto
2021-07-28,A&W,Thai,7.967401671,92.75214477,56.97148283,3.308864292,PayPal,122,Toronto
2021-07-29,Subway,Vegan,9.855753524,15.97585608,33.03293843,3.69615147,Credit Card,150,Toronto
2021-07-30,Subway,American,3.678735959,53.25990475,25.11098611,1.066641885,PayPal,147,Toronto
2021-07-31,Dominos,Mexican,8.601045341,98.05385981,37.69466132,2.355779101,Debit Card,75,Toronto
2021-08-01,Taco Bell,American,6.162372615,23.7653158,21.69879637,4.182640923,Credit Card,141,Toronto
2021-08-02,Dominos,Mediterranean,4.987700769,61.56169902,47.38504777,1.309931895,Gift Card,174,Toronto
2021-08-03,Chipotle,Fast Food,2.979014059,98.2113881,56.10822042,2.129255337,Credit Card,122,Toronto
2021-08-04,Pizza Hut,Japanese,7.884044852,62.21711105,53.49052029,3.341187313,Credit Card,172,Toronto
2021-08-05,Starbucks,Chinese,3.886860793,31.13430075,25.09477894,2.025652111,Cash,102,Toronto
2021-08-06,Taco Bell,American,4.971376015,64.48557456,25.05084548,4.735911897,Cash,127,Toronto
2021-08-07,McDonalds,Chinese,2.500337815,32.37744879,52.53737929,1.524234523,Credit Card,141,Toronto
2021-08-08,Starbucks,Indian,8.410935327,59.17486235,56.97017098,4.189577432,PayPal,137,Toronto
2021-08-09,Pizza Hut,American,8.132708192,21.29358852,38.42679319,3.031794768,Cash,62,Toronto
2021-08-10,Chipotle,Fast Food,7.86892664,66.46602688,39.95884468,4.001323103,Gift Card,92,Toronto
2021-08-11,Chipotle,Chinese,4.395548084,58.92714483,32.73048166,2.242861313,Debit Card,125,Toronto
2021-08-12,McDonalds,Vegan,3.387840594,77.91371634,55.77060473,3.057958409,Cash,100,Toronto
2021-08-13,Taco Bell,American,7.100426116,68.60954005,45.79611621,4.427341399,Credit Card,68,Toronto
2021-08-14,A&W,Italian,5.969331073,61.71653283,31.53006309,2.867512396,PayPal,198,Toronto
2021-08-15,Subway,Japanese,3.426019735,73.63120219,31.95131484,2.438879448,Debit Card,171,Toronto
2021-08-16,Taco Bell,Fast Food,7.487290168,27.23506265,55.64800292,3.144621545,Cash,73,Toronto
2021-08-17,A&W,Chinese,9.929011455,65.60557121,20.54536096,3.869451012,PayPal,75,Toronto
2021-08-18,Chipotle,Fast Food,7.977756702,29.62940124,32.90906291,2.774253382,PayPal,169,Toronto
2021-08-19,Dominos,Mexican,7.919891093,93.66938767,42.17426725,4.755507901,PayPal,131,Toronto
2021-08-20,Pizza Hut,Japanese,9.602502023,20.80839891,25.92869848,2.179783296,Credit Card,149,Toronto
2021-08-21,McDonalds,Vegan,3.623490941,51.58185372,23.68395017,2.901854425,Gift Card,66,Toronto
2021-08-22,Pizza Hut,American,6.524399719,74.1427856,52.61105324,4.027710637,PayPal,117,Toronto
2021-08-23,Burger King,American,9.83717372,53.93188799,55.77617555,3.756484362,Debit Card,93,Toronto
2021-08-24,Burger King,American,3.322352888,22.82809652,52.94425683,4.45456421,Cash,110,Toronto
2021-08-25,Taco Bell,Japanese,7.602015676,62.03721637,55.95151559,4.987236723,Debit Card,172,Toronto
2021-08-26,Chipotle,Italian,6.686481168,69.53871225,42.12447884,2.707433315,Credit Card,142,Toronto
2021-08-27,Chipotle,Indian,6.691832738,74.82234643,52.49032484,1.444603519,Credit Card,123,Toronto
2021-08-28,Subway,Thai,7.58136502,46.72708423,35.36170554,1.121663523,Debit Card,116,Toronto
2021-08-29,Subway,Mediterranean,9.436935383,62.91109754,46.65071446,3.907507625,Gift Card,160,Toronto
2021-08-30,Subway,Chinese,8.260655519,53.30835037,59.55342126,4.496054685,Credit Card,51,Toronto
2021-08-31,Dominos,Italian,2.449088827,72.12476329,29.02910895,1.882850344,Credit Card,138,Toronto
2021-09-01,Starbucks,Vegan,8.821824159,64.60234222,35.59598985,1.633792149,Debit Card,75,Toronto
2021-09-02,KFC,Chinese,3.804330639,59.68927866,39.20189509,1.248820366,Credit Card,148,Toronto
2021-09-03,Starbucks,American,5.015313318,36.20957118,25.52061948,4.290811687,Gift Card,76,Toronto
2021-09-04,Pizza Hut,Fast Food,5.693862509,15.17157401,23.24154442,2.24552776,Gift Card,138,Toronto
2021-09-05,Starbucks,Vegan,5.847248006,29.7969424,53.18891465,2.606787571,Gift Card,195,Toronto
2021-09-06,Dominos,Chinese,5.481443194,24.95061352,59.07177491,3.011000766,Cash,50,Toronto
2021-09-07,Pizza Hut,American,9.498826354,53.17220333,36.18900255,4.357812937,Gift Card,152,Toronto
2021-09-08,Starbucks,Chinese,7.648152061,67.04194281,23.50599345,3.603332886,Gift Card,180,Toronto
2021-09-09,Dominos,Fast Food,7.049365168,33.11222574,22.63247043,3.460258519,Cash,90,Toronto
2021-09-10,KFC,American,2.398736222,94.81985316,55.65272825,1.7026884,PayPal,100,Toronto
2021-09-11,Starbucks,Indian,9.231306642,15.56798098,38.55256999,3.052759567,Credit Card,64,Toronto
2021-09-12,Dominos,Italian,9.275121536,80.64558629,32.80109266,3.861524069,Gift Card,57,Toronto
2021-09-13,Subway,Mexican,8.241704507,68.14240541,39.05845085,4.893043532,Credit Card,87,Toronto
2021-09-14,Chipotle,Mediterranean,2.056233631,46.75215809,32.73216379,1.805625237,Debit Card,163,Toronto
2021-09-15,Subway,Japanese,2.458242009,19.29156028,39.56143101,1.038173412,Credit Card,132,Toronto
2021-09-16,Chipotle,Mediterranean,3.801789618,68.3363586,54.38225588,1.301205734,Cash,105,Toronto
2021-09-17,McDonalds,Vegan,3.050795265,47.77714859,43.69205484,2.503409861,Credit Card,152,Toronto
2021-09-18,McDonalds,Mediterranean,5.190688238,94.58270685,47.78615091,4.282178591,Credit Card,187,Toronto
2021-09-19,McDonalds,American,9.380984465,61.06915637,34.58682705,1.028568327,Credit Card,151,Toronto
2021-09-20,KFC,Indian,5.776483474,94.87037846,49.54023514,2.826922372,PayPal,127,Toronto
2021-09-21,Subway,Mexican,2.107221011,33.74111395,46.6646834,2.316922461,PayPal,132,Toronto
2021-09-22,Chipotle,Italian,4.261965517,76.68670238,24.78247991,1.20992684,Debit Card,79,Toronto
2021-09-23,Dominos,Italian,2.356759267,67.46616677,42.90571412,2.800945147,Cash,54,Toronto
2021-09-24,Pizza Hut,Fast Food,2.290300981,77.84969954,30.26973985,2.018994829,Credit Card,168,Toronto
2021-09-25,Dominos,Japanese,4.205758825,33.24676844,52.16382679,2.407539337,Credit Card,80,Toronto
2021-09-26,Pizza Hut,Chinese,4.204898709,71.52453388,37.03750834,3.822461219,Credit Card,72,Toronto
2021-09-27,Burger King,Indian,8.297012821,57.33343341,59.78736661,3.086203936,Credit Card,97,Toronto
2021-09-28,Dominos,Chinese,9.798677222,78.14012287,23.70001752,1.498589716,PayPal,158,Toronto
2021-09-29,Starbucks,Mexican,4.969656751,42.79879475,51.21391451,4.845658162,Debit Card,89,Toronto
2021-09-30,Starbucks,Mediterranean,5.431095031,90.65484716,46.94806934,3.543643063,Gift Card,55,Toronto
2021-10-01,Taco Bell,Italian,8.75831549,22.16561174,50.69995322,4.063473703,Cash,87,Toronto
2021-10-02,Subway,Mexican,4.145112161,83.6110921,32.30119182,1.3168526,Credit Card,149,Toronto
2021-10-03,Pizza Hut,Mediterranean,3.251054435,88.21216819,39.68217958,1.188233518,Debit Card,76,Toronto
2021-10-04,Pizza Hut,Italian,8.824716987,84.46644647,51.86034079,1.077792201,Gift Card,118,Toronto
2021-10-05,Subway,Mediterranean,2.372004692,58.58174351,29.30165326,1.755176111,Debit Card,106,Toronto
2021-10-06,KFC,Japanese,6.957595522,52.2627233,29.04132787,2.657633591,PayPal,66,Toronto
2021-10-07,Taco Bell,Indian,6.49594278,99.68229435,42.04203813,4.743304534,Gift Card,120,Toronto
2021-10-08,KFC,Vegan,4.76736358,34.47961585,40.94254318,2.828238637,Debit Card,96,Toronto
2021-10-09,KFC,Mexican,4.521516169,61.4844571,31.29049882,2.161020421,PayPal,128,Toronto
2021-10-10,KFC,Mexican,8.174861809,72.00741966,31.92302602,3.247741014,Debit Card,159,Toronto
2021-10-11,Subway,Thai,2.691396886,74.57374905,31.11380653,1.447738313,Debit Card,62,Toronto
2021-10-12,KFC,American,3.894274474,32.34209659,50.86048248,3.438023564,Gift Card,188,Toronto
2021-10-13,Starbucks,Japanese,7.859589855,70.58949785,46.07603462,3.273727817,PayPal,173,Toronto
2021-10-14,McDonalds,Japanese,6.38656467,84.56141315,53.29668734,4.167972134,Credit Card,158,Toronto
2021-10-15,Burger King,Chinese,3.023905668,19.25157903,59.01892113,4.946750446,Cash,139,Toronto
2021-10-16,Pizza Hut,Mediterranean,9.057084914,92.47930993,38.96657185,2.003493887,Gift Card,135,Toronto
2021-10-17,Pizza Hut,American,5.147582773,17.50784469,22.66775526,3.038625803,PayPal,141,Toronto
2021-10-18,Burger King,Indian,8.622947003,45.25753776,21.92369242,4.635461625,Debit Card,73,Toronto
2021-10-19,Subway,Indian,8.301704124,16.34412168,31.82660157,4.140759538,PayPal,122,Toronto
2021-10-20,Dominos,Japanese,6.995403572,21.55733933,57.30178357,2.949625212,Cash,53,Toronto
2021-10-21,Subway,Indian,5.95584905,92.44930424,40.9285222,4.781486598,Cash,162,Toronto
2021-10-22,Pizza Hut,Thai,9.836406723,45.16317061,30.87146064,1.228946774,Credit Card,95,Toronto
2021-10-23,Pizza Hut,Mexican,3.159720579,51.10558009,35.96667178,4.723994479,Credit Card,67,Toronto
2021-10-24,Burger King,Fast Food,7.80124582,33.30427242,43.9438043,1.20202957,Cash,92,Toronto
2021-10-25,KFC,Vegan,3.529525612,65.75314047,46.11798633,3.189218976,Gift Card,142,Toronto
2021-10-26,Subway,Chinese,4.706104843,65.55827325,26.15678039,4.561763792,Gift Card,152,Toronto
2021-10-27,Chipotle,Mediterranean,4.469589947,46.63703331,59.08126706,2.050883774,Debit Card,173,Toronto
2021-10-28,Burger King,Vegan,9.576287902,43.3079641,41.79088908,2.888993996,Credit Card,59,Toronto
2021-10-29,Starbucks,Mediterranean,9.738849422,90.2219662,25.42753271,2.297315517,Debit Card,122,Toronto
2021-10-30,Pizza Hut,Italian,3.464123554,47.57916037,55.74541013,4.808575668,Credit Card,80,Toronto
2021-10-31,Burger King,Vegan,2.176281282,56.94758433,22.98553724,4.294582379,Cash,109,Toronto
2021-11-01,Subway,Fast Food,7.760064317,39.08090481,56.30941733,3.836006045,Gift Card,180,Toronto
2021-11-02,Pizza Hut,Japanese,5.343919471,81.87540779,59.86262625,3.350507946,Gift Card,167,Toronto
2021-11-03,Dominos,Thai,2.710721961,48.78309334,48.01727197,4.282367157,Cash,63,Toronto
2021-11-04,Burger King,Mexican,7.470032845,58.65693896,50.81788884,2.569068166,Debit Card,192,Toronto
2021-11-05,Taco Bell,Mexican,6.360844226,36.53535946,33.49211346,2.79020742,Debit Card,51,Toronto
2021-11-06,Pizza Hut,Thai,9.844134576,98.95106535,57.66307411,3.920006884,PayPal,73,Toronto
2021-11-07,Subway,American,3.819275967,39.77713798,41.18855864,2.431019053,Credit Card,113,Toronto
2021-11-08,McDonalds,Italian,5.231823011,80.51311513,49.29553786,1.255603768,Debit Card,149,Toronto
2021-11-09,Chipotle,Mediterranean,6.340366427,51.33713028,56.96430864,1.297338436,Cash,163,Toronto
2021-11-10,A&W,Fast Food,8.333599908,32.52847943,59.00719904,1.461451205,Debit Card,73,Toronto
2021-11-11,KFC,Indian,6.390709254,82.97609494,53.32817426,4.478725293,Gift Card,140,Toronto
2021-11-12,A&W,Vegan,6.903201287,43.35657707,32.12070028,2.888905703,Credit Card,75,Toronto
2021-11-13,Subway,Italian,3.809176413,88.54143453,58.66190066,3.851529477,PayPal,114,Toronto
2021-11-14,Starbucks,Vegan,8.775349825,92.79686072,45.12478125,2.571637342,Credit Card,169,Toronto
2021-11-15,Starbucks,Fast Food,5.429044376,88.08502601,57.22569905,2.03484379,Gift Card,53,Toronto
2021-11-16,McDonalds,Chinese,3.12767702,17.97567276,47.04420103,2.38876867,Gift Card,50,Toronto
2021-11-17,KFC,Chinese,7.313503316,81.92673433,32.28955847,4.176729381,Gift Card,99,Toronto
2021-11-18,Taco Bell,Italian,3.728723625,49.96385465,34.80098097,3.5008645,Gift Card,159,Toronto
2021-11-19,McDonalds,Japanese,2.780500082,89.26644822,42.01887108,4.75055912,Cash,188,Toronto
2021-11-20,A&W,Fast Food,8.895895267,69.22611233,51.60059366,3.718819114,PayPal,123,Toronto
2021-11-21,McDonalds,Fast Food,5.681298116,85.8596664,32.71930205,3.280726527,Gift Card,111,Toronto
2021-11-22,A&W,Thai,7.994269702,57.45170044,43.18924665,3.440784036,Gift Card,130,Toronto
2021-11-23,Pizza Hut,Japanese,4.324700478,60.47716789,33.82499974,4.769485758,Debit Card,105,Toronto
2021-11-24,Starbucks,Mediterranean,8.295761079,27.27294873,52.63077619,4.152803719,PayPal,160,Toronto
2021-11-25,Pizza Hut,Mediterranean,2.895487416,81.63892549,38.66912375,1.096164949,Credit Card,70,Toronto
2021-11-26,Chipotle,Indian,4.84778699,50.64811699,23.06891307,3.136558785,PayPal,190,Toronto
2021-11-27,KFC,Mexican,9.824494544,57.50681005,26.64210086,3.753353646,PayPal,58,Toronto
2021-11-28,Taco Bell,Chinese,8.351917731,81.7333057,22.4441867,3.994793914,PayPal,188,Toronto
2021-11-29,A&W,Mediterranean,5.978047443,65.90185901,39.97211784,1.852568477,Gift Card,119,Toronto
2021-11-30,Taco Bell,Japanese,4.718219772,32.09339183,24.25349189,4.468709418,Gift Card,178,Toronto
2021-12-01,A&W,Fast Food,8.9770856,65.16977603,24.56559877,4.823372589,Cash,167,Toronto
2021-12-02,Subway,Mediterranean,6.358782073,49.64879293,57.6419304,1.946861223,Credit Card,105,Toronto
2021-12-03,McDonalds,Fast Food,8.067400143,54.90967107,54.90620289,4.53046183,Debit Card,80,Toronto
2021-12-04,Chipotle,Mediterranean,8.032861443,17.40645832,38.08346387,1.38791505,PayPal,86,Toronto
2021-12-05,Starbucks,Chinese,2.143565429,32.85249471,59.43221283,1.222827344,Credit Card,140,Toronto
2021-12-06,A&W,Vegan,3.010030262,38.88823692,20.00746113,1.5168952,Credit Card,163,Toronto
2021-12-07,Taco Bell,Mediterranean,7.277034931,75.60160067,44.55917825,1.230964318,Cash,177,Toronto
2021-12-08,Chipotle,Japanese,3.29295849,15.97686023,44.65712709,4.380048949,Debit Card,171,Toronto
2021-12-09,Dominos,Mediterranean,4.043946757,49.7460672,38.29772223,1.236200578,PayPal,118,Toronto
2021-12-10,Dominos,Mexican,9.573103634,93.54228399,35.87791892,2.086656765,Debit Card,85,Toronto
2021-12-11,Pizza Hut,Chinese,6.481458067,24.50985241,38.21532542,1.415025374,Cash,81,Toronto
2021-12-12,Starbucks,Japanese,8.005836056,58.896073,36.59841744,2.181688145,Gift Card,113,Toronto
2021-12-13,Subway,Thai,6.46384591,81.8544025,49.2196991,1.36223787,Credit Card,97,Toronto
2021-12-14,Taco Bell,Japanese,6.420108918,95.11516114,25.4142174,3.672013003,PayPal,130,Toronto
2021-12-15,McDonalds,Mexican,2.753215281,78.47601436,27.90556882,1.533307265,Gift Card,198,Toronto
2021-12-16,McDonalds,Vegan,4.749305541,76.24807163,27.22072914,4.407383703,Cash,109,Toronto
2021-12-17,Taco Bell,Chinese,4.259447189,85.25148767,30.4988234,4.268764203,Debit Card,190,Toronto
2021-12-18,KFC,Thai,5.125826925,52.92710378,41.01033675,1.054646742,Credit Card,50,Toronto
2021-12-19,Subway,Mexican,8.386753506,83.49678527,24.44834989,4.582905422,PayPal,114,Toronto
2021-12-20,Chipotle,Mexican,4.975461343,15.6769744,54.72677181,1.115777267,Gift Card,82,Toronto
2021-12-21,A&W,Italian,5.613574554,93.58768971,31.89446125,1.95858314,Gift Card,87,Toronto
2021-12-22,KFC,Chinese,5.179051124,52.68105331,26.5015195,1.129556551,Credit Card,74,Toronto
2021-12-23,A&W,Japanese,2.747263776,62.03731597,47.02485238,2.343373948,Debit Card,108,Toronto
2021-12-24,A&W,Fast Food,5.528577266,36.66499116,21.52345202,3.055466103,Cash,150,Toronto
2021-12-25,KFC,Vegan,3.564874184,78.11512079,44.79874259,4.186579476,Debit Card,176,Toronto
2021-12-26,Pizza Hut,Fast Food,3.493786366,21.51404355,47.92793723,2.351926202,Debit Card,90,Toronto
2021-12-27,Dominos,Japanese,2.752288835,89.17404322,28.59666126,3.821960099,Debit Card,106,Toronto
2021-12-28,A&W,Japanese,4.853367793,85.38993047,21.67856294,1.750017828,Credit Card,97,Toronto
2021-12-29,KFC,Chinese,8.059855078,33.36510988,34.54581436,4.002393827,Credit Card,121,Toronto
2021-12-30,KFC,Japanese,4.211533525,83.79257385,23.94376921,1.943986424,Cash,105,Toronto
2021-12-31,Burger King,Italian,4.498792815,81.84040731,24.65911399,1.574179024,Debit Card,114,Toronto
2022-01-01,Pizza Hut,Thai,7.141397261,68.73841081,30.17044926,1.741635401,Credit Card,61,Toronto
2022-01-02,Starbucks,Japanese,3.566726501,46.74921504,31.81871699,1.728252516,Cash,118,Toronto
2022-01-03,Burger King,Fast Food,9.175663443,38.07739411,41.19881364,3.051451518,Cash,183,Toronto
2022-01-04,Burger King,Japanese,6.161524186,34.70160517,47.13567542,4.379190325,Debit Card,138,Toronto
2022-01-05,Taco Bell,Italian,5.580823523,42.08176183,43.71083763,1.318420308,PayPal,74,Toronto
2022-01-06,Dominos,Mediterranean,6.462561535,91.80246769,25.93441349,3.827825274,Debit Card,50,Toronto
2022-01-07,KFC,Mediterranean,3.328274507,21.59946596,26.8834413,3.617385839,PayPal,180,Toronto
2022-01-08,Dominos,Mexican,6.907785109,85.45405848,55.15076999,4.490079807,Cash,98,Toronto
2022-01-09,Subway,Vegan,4.904805893,44.65565638,42.3340926,1.976590242,Credit Card,196,Toronto
2022-01-10,Taco Bell,Indian,9.177490728,59.33594866,54.79751332,2.800439435,Gift Card,109,Toronto
2022-01-11,Starbucks,Thai,3.350833653,82.53127886,34.86186045,4.703309498,Cash,51,Toronto
2022-01-12,Dominos,American,6.056408831,90.1720065,44.5760003,3.639973801,Credit Card,122,Toronto
2022-01-13,McDonalds,Mexican,6.784901035,44.30642071,40.94653664,2.555073651,Cash,194,Toronto
2022-01-14,A&W,Vegan,2.267068814,54.25669591,32.76493959,1.525649531,Debit Card,159,Toronto
2022-01-15,Subway,Mediterranean,4.909544998,50.23386551,38.79661488,2.049940032,PayPal,110,Toronto
2022-01-16,Pizza Hut,Fast Food,7.861081878,16.12633785,40.09963507,3.32486191,Cash,66,Toronto
2022-01-17,Starbucks,American,8.56302006,40.15514555,28.03083899,3.87267179,Credit Card,98,Toronto
2022-01-18,Subway,Vegan,4.505295959,54.03108487,32.6004149,1.497687547,Debit Card,125,Toronto
2022-01-19,A&W,Vegan,8.388746179,49.94295675,51.65639002,3.39838904,Gift Card,197,Toronto
2022-01-20,Taco Bell,Mexican,9.742047017,76.36398434,56.63152958,3.201405115,Debit Card,180,Toronto
2022-01-21,A&W,American,8.854991489,47.70830746,34.39176374,3.055821787,PayPal,92,Toronto
2022-01-22,Burger King,Chinese,2.941151905,56.59699816,32.27889129,3.760492471,Debit Card,106,Toronto
2022-01-23,A&W,Indian,7.917842657,51.51673033,27.80788658,4.34979838,Gift Card,99,Toronto
2022-01-24,Burger King,Chinese,4.55733466,77.95322266,47.13964675,2.291958733,Credit Card,86,Toronto
2022-01-25,Taco Bell,American,9.907327915,88.35265391,32.92398807,4.55604876,Cash,95,Toronto
2022-01-26,Chipotle,Chinese,5.882871865,60.21057172,59.50998156,1.64253445,PayPal,64,Toronto
2022-01-27,Burger King,Italian,2.979471187,82.10173651,33.02739208,1.692095479,Gift Card,129,Toronto
2022-01-28,Pizza Hut,Mediterranean,7.801484384,40.22686797,35.76544187,2.067088254,PayPal,188,Toronto
2022-01-29,A&W,Italian,4.584089587,61.01641686,44.13336785,1.478123478,Debit Card,197,Toronto
2022-01-30,A&W,Japanese,9.976625257,44.34454606,52.06737173,1.921276899,PayPal,73,Toronto
2022-01-31,Pizza Hut,Chinese,9.838259663,50.20707867,38.78074661,1.425647052,Gift Card,174,Toronto
2022-02-01,McDonalds,Japanese,7.249072144,77.25517851,36.90624135,4.287009668,Cash,167,Toronto
2022-02-02,KFC,Fast Food,3.038611592,89.941311,59.82551334,1.555875968,Cash,129,Toronto
2022-02-03,Chipotle,Thai,7.494887981,25.32710824,20.41974565,3.98919023,PayPal,143,Toronto
2022-02-04,Starbucks,Fast Food,2.744243892,68.9443368,55.80261155,1.191655472,Credit Card,114,Toronto
2022-02-05,Burger King,American,2.234913273,64.48222364,25.96563304,4.79408131,PayPal,137,Toronto
2022-02-06,Pizza Hut,Vegan,8.58366757,25.06527833,51.43701105,3.84464035,Debit Card,137,Toronto
2022-02-07,Taco Bell,Mediterranean,3.678023581,33.01101809,44.71726239,1.027186194,Cash,194,Toronto
2022-02-08,Burger King,Chinese,5.03221701,41.43521205,33.67389142,4.055426001,Cash,175,Toronto
2022-02-09,KFC,Mexican,9.78765912,29.18914102,54.95499822,3.056327683,Cash,138,Toronto
2022-02-10,Taco Bell,Thai,4.694724015,35.71700601,20.51628912,4.117460681,Credit Card,110,Toronto
2022-02-11,Subway,Indian,4.37191825,37.7460679,29.06762608,3.089987236,Credit Card,64,Toronto
2022-02-12,A&W,Indian,9.345663997,43.53227581,42.67571185,3.564099431,Gift Card,143,Toronto
2022-02-13,Subway,Indian,2.885987563,78.69818849,34.0616904,4.145326622,PayPal,100,Toronto
2022-02-14,Burger King,Chinese,8.076659281,63.61253733,44.41509981,2.620432218,PayPal,76,Toronto
2022-02-15,KFC,Indian,9.904524533,98.83096712,20.96440774,1.010832599,Debit Card,123,Toronto
2022-02-16,Chipotle,Italian,9.210368086,50.25254529,24.65835722,4.399785984,Cash,110,Toronto
2022-02-17,Burger King,Thai,7.21334335,79.07853128,25.08384961,2.52356145,Credit Card,80,Toronto
2022-02-18,Pizza Hut,Italian,4.51248636,89.07481582,27.57134584,2.984170904,Debit Card,61,Toronto
2022-02-19,Dominos,Vegan,4.034575849,72.71317191,38.37325763,1.031066569,Debit Card,95,Toronto
2022-02-20,Burger King,Thai,8.554040839,50.00850294,50.08514798,2.968368041,Credit Card,81,Toronto
2022-02-21,A&W,Italian,9.038575312,79.05554361,56.22155352,4.945949606,PayPal,110,Toronto
2022-02-22,A&W,Thai,6.2034793,32.31170671,53.41490121,2.113070643,Cash,95,Toronto
2022-02-23,Burger King,Vegan,3.954719526,42.84193404,27.87551487,2.581673081,PayPal,134,Toronto
2022-02-24,Taco Bell,Japanese,2.903545667,61.46824668,37.64602209,3.748759986,Debit Card,129,Toronto
2022-02-25,Dominos,Chinese,2.697435743,63.90979792,27.97646391,4.25917467,Cash,184,Toronto
2022-02-26,Pizza Hut,Chinese,7.752619579,16.88202542,30.57887267,2.669566496,Gift Card,53,Toronto
2022-02-27,Burger King,Indian,5.360949823,95.33470604,40.14187926,2.238675482,Debit Card,101,Toronto
2022-02-28,Taco Bell,Fast Food,9.242878994,74.21331805,22.72436099,4.7513032,PayPal,161,Toronto
2022-03-01,A&W,Indian,7.917370406,57.13481877,28.72697318,3.708579867,PayPal,85,Toronto
2022-03-02,A&W,American,3.530083343,94.31581492,57.41512645,1.476085218,PayPal,103,Toronto
2022-03-03,KFC,Italian,6.910219351,52.32312305,38.64465171,1.275711513,Credit Card,168,Toronto
2022-03-04,Burger King,Thai,5.484043635,98.33702347,37.81546104,2.934199403,Debit Card,176,Toronto
2022-03-05,Dominos,Fast Food,6.617997846,58.54420437,20.58268619,1.880360264,Cash,66,Toronto
2022-03-06,McDonalds,Vegan,7.904552987,24.71429045,29.89598988,2.015939014,PayPal,124,Toronto
2022-03-07,Dominos,American,8.449567048,80.00808266,54.65169744,4.510768715,PayPal,154,Toronto
2022-03-08,A&W,Vegan,8.749898611,72.70630663,26.58513713,1.358264097,Credit Card,199,Toronto
2022-03-09,A&W,Chinese,4.031798997,80.70387131,36.60499758,3.861456461,Cash,166,Toronto
2022-03-10,Subway,Chinese,2.248924799,95.87257244,20.57323623,2.084569014,Debit Card,92,Toronto
2022-03-11,A&W,Indian,7.914357881,81.00159073,39.13341927,4.041312886,Gift Card,161,Toronto
2022-03-12,Pizza Hut,Italian,2.85074981,66.96361119,20.84084427,3.889645538,Credit Card,164,Toronto
2022-03-13,Starbucks,Fast Food,4.519356709,87.8712567,52.78438212,1.029567606,Debit Card,76,Toronto
2022-03-14,Burger King,Mediterranean,2.030537073,72.22594735,52.9941507,3.036541652,Gift Card,86,Toronto
2022-03-15,Dominos,American,7.453355859,49.69011983,51.50968753,1.55727793,PayPal,95,Toronto
2022-03-16,Starbucks,American,3.337056092,90.27767996,31.33456276,4.464908122,PayPal,162,Toronto
2022-03-17,Taco Bell,Indian,7.242259278,33.86153917,53.48948873,4.486343531,Cash,84,Toronto
2022-03-18,McDonalds,Chinese,9.933940937,75.74450837,41.7199253,2.67338323,Gift Card,181,Toronto
2022-03-19,Pizza Hut,Indian,2.581366973,89.93289367,34.95232435,2.777582474,PayPal,129,Toronto
2022-03-20,Dominos,Thai,2.616624096,77.16190417,45.01319839,2.213131758,PayPal,129,Toronto
2022-03-21,Starbucks,Fast Food,4.723040741,74.26841062,20.49364184,3.866425196,Cash,170,Toronto
2022-03-22,McDonalds,Italian,8.931092114,78.974255,25.7184351,2.434645452,Debit Card,196,Toronto
2022-03-23,Subway,Japanese,3.72423895,54.52969611,49.69174153,2.071169898,PayPal,171,Toronto
2022-03-24,Pizza Hut,Mexican,4.883022559,89.30450798,29.76646435,2.728924238,Credit Card,130,Toronto
2022-03-25,Pizza Hut,Mexican,2.548043253,32.29210039,43.92036469,1.365950074,Credit Card,199,Toronto
2022-03-26,Subway,Indian,8.10524233,25.82784536,35.40410411,3.986412819,Debit Card,168,Toronto
2022-03-27,Burger King,Thai,5.266450742,39.26824631,54.19223115,1.050385605,Gift Card,107,Toronto
2022-03-28,Subway,Fast Food,8.073989864,60.18407873,58.09661224,3.577940246,Cash,112,Toronto
2022-03-29,Pizza Hut,Mediterranean,9.228862755,58.39775261,55.34258913,1.731458107,Credit Card,149,Toronto
2022-03-30,Pizza Hut,Mexican,3.862105177,84.7508944,30.82479979,1.929616185,Credit Card,115,Toronto
2022-03-31,Starbucks,Fast Food,8.459168243,49.38833579,27.76651476,3.542527995,Debit Card,194,Toronto
2022-04-01,A&W,Italian,2.472751121,56.16927623,38.97739574,4.971773863,Gift Card,134,Toronto
2022-04-02,McDonalds,Vegan,9.190779105,16.13625308,20.29336603,4.110869956,Gift Card,186,Toronto
2022-04-03,Subway,Thai,7.20614838,49.8278351,21.03237571,1.903358529,Debit Card,193,Toronto
2022-04-04,McDonalds,Chinese,8.993813793,70.0608098,42.13162558,1.70409902,Credit Card,172,Toronto
2022-04-05,Subway,Fast Food,2.001507196,16.3182081,40.81797617,4.464931481,Cash,51,Toronto
2022-04-06,Taco Bell,Italian,3.352648563,38.87496704,59.78327956,2.776735792,Credit Card,155,Toronto
2022-04-07,Pizza Hut,Mediterranean,5.118075099,32.67629054,28.07367341,1.548211211,Gift Card,157,Toronto
2022-04-08,A&W,Japanese,5.036023227,18.56876146,30.32415717,4.448845693,Credit Card,121,Toronto
2022-04-09,Starbucks,Chinese,3.813843063,55.73710764,24.54162569,4.264369412,Cash,175,Toronto
2022-04-10,A&W,Japanese,5.052895519,30.44647992,56.70172039,4.935625456,PayPal,106,Toronto
2022-04-11,A&W,Mediterranean,3.030789696,78.16193087,51.11244978,4.638974747,Credit Card,130,Toronto
2022-04-12,A&W,Italian,5.302089034,87.07387012,52.89356446,4.407161355,Debit Card,190,Toronto
2022-04-13,McDonalds,Mexican,8.418834633,61.37474053,56.11055152,1.210297591,PayPal,68,Toronto
2022-04-14,Subway,Japanese,5.832560505,98.44512411,40.99599947,1.417661478,Debit Card,56,Toronto
2022-04-15,Chipotle,Chinese,2.144000712,53.29067858,38.04772766,3.275932777,Debit Card,186,Toronto
2022-04-16,Taco Bell,Indian,5.371552333,58.63629787,33.21565895,3.125916985,Debit Card,103,Toronto
2022-04-17,Dominos,American,2.217400129,99.08350909,43.56858457,2.831852858,Credit Card,153,Toronto
2022-04-18,A&W,Fast Food,9.729947286,34.68161706,38.17113587,2.587157302,Gift Card,135,Toronto
2022-04-19,Burger King,Mexican,3.019631675,95.11640487,38.06262346,2.724841939,PayPal,131,Toronto
2022-04-20,McDonalds,Japanese,7.661506611,18.64119219,57.47711455,3.277191737,Cash,110,Toronto
2022-04-21,Starbucks,Vegan,9.782210583,52.94288567,59.36126057,1.00830607,Gift Card,136,Toronto
2022-04-22,Dominos,Fast Food,8.608312413,20.95029853,51.85937557,2.042835097,Credit Card,51,Toronto
2022-04-23,Chipotle,Indian,7.594523001,76.98495315,50.27032361,3.073118883,Debit Card,80,Toronto
2022-04-24,Burger King,Mediterranean,8.715687276,66.71475955,47.22232647,3.888864395,Cash,82,Toronto
2022-04-25,Chipotle,American,9.854389546,75.06391239,26.64299409,1.69662677,PayPal,129,Toronto
2022-04-26,Dominos,Italian,6.970755978,46.830834,22.36423284,3.187524695,Gift Card,60,Toronto
2022-04-27,A&W,Indian,6.473478455,46.40596439,47.6290526,3.857838736,Gift Card,177,Toronto
2022-04-28,Burger King,Indian,7.025904884,18.85213871,49.15144889,2.778510632,Cash,184,Toronto
2022-04-29,Chipotle,Mediterranean,6.261407094,44.74531986,21.87891964,1.108324535,Credit Card,177,Toronto
2022-04-30,Starbucks,Thai,7.080712847,93.98951419,57.12207001,2.797072634,PayPal,80,Toronto
2022-05-01,Subway,Mediterranean,5.598737664,47.23425566,23.64562558,2.185779551,Cash,175,Toronto
2022-05-02,Pizza Hut,Thai,3.747545463,85.66625503,31.43602135,4.718598431,Debit Card,96,Toronto
2022-05-03,Subway,Thai,2.961977812,86.5976679,46.89559251,1.498453543,PayPal,156,Toronto
2022-05-04,Dominos,Mexican,2.546727484,46.72549829,26.79490378,3.609903822,Gift Card,68,Toronto
2022-05-05,McDonalds,Mexican,4.10652627,68.71903783,22.21663554,1.210879065,Cash,130,Toronto
2022-05-06,Pizza Hut,Chinese,2.368988515,23.10658619,33.24585957,2.784681751,Gift Card,172,Toronto
2022-05-07,Taco Bell,Japanese,6.537366239,23.81267936,50.63886299,3.215917949,Gift Card,183,Toronto
2022-05-08,Starbucks,Japanese,4.270627576,19.13590141,36.54714716,2.191819725,Gift Card,156,Toronto
2022-05-09,Taco Bell,Italian,8.596278465,64.38628294,46.11891688,2.820302542,Credit Card,98,Toronto
2022-05-10,Burger King,Japanese,2.593926984,51.2160331,43.18476389,1.654215178,Gift Card,122,Toronto
2022-05-11,Pizza Hut,Mexican,3.810811955,61.58275032,20.88873928,2.216495398,Debit Card,99,Toronto
2022-05-12,Taco Bell,Chinese,7.841969177,59.29122119,59.54159948,3.4844253,Debit Card,130,Toronto
2022-05-13,Taco Bell,Chinese,6.790466371,44.76725424,21.65712355,2.207200223,PayPal,144,Toronto
2022-05-14,Chipotle,Thai,2.51593017,72.58524026,58.71210951,4.598972314,Gift Card,61,Toronto
2022-05-15,Subway,Mediterranean,9.017915657,79.47265988,41.99456713,3.513627831,Gift Card,72,Toronto
2022-05-16,Chipotle,Italian,9.018094103,16.243402,58.52636108,2.754596074,Cash,103,Toronto
2022-05-17,Pizza Hut,Thai,4.643264031,32.61559548,24.59014398,1.155027742,Credit Card,167,Toronto
2022-05-18,Pizza Hut,Mediterranean,4.723246747,75.62504879,39.61634077,2.998193341,PayPal,108,Toronto
2022-05-19,Dominos,Japanese,9.912226867,47.86271467,26.78016367,4.059104969,Gift Card,52,Toronto
2022-05-20,Chipotle,Thai,7.009409373,71.31113549,22.03899508,2.062230392,Cash,107,Toronto
2022-05-21,KFC,Fast Food,6.250532165,44.49182608,44.7011646,4.227094279,Credit Card,106,Toronto
2022-05-22,Subway,Japanese,8.705217468,48.21418795,28.31133684,2.007227064,PayPal,194,Toronto
2022-05-23,Pizza Hut,Mediterranean,4.282322707,28.48770426,43.50788073,4.294985552,PayPal,139,Toronto
2022-05-24,Dominos,Italian,5.433460747,36.94963667,24.49457928,1.341073366,Gift Card,104,Toronto
2022-05-25,Chipotle,Mediterranean,4.142213404,66.45999939,33.27945886,4.464734835,PayPal,94,Toronto
2022-05-26,Subway,Thai,8.313286773,51.81886446,51.26530232,2.996745804,Cash,50,Toronto
2022-05-27,Chipotle,Thai,6.586794765,80.81572805,37.48206087,2.186150358,PayPal,70,Toronto
2022-05-28,Taco Bell,Indian,7.270600561,87.46972117,45.1098166,2.060453002,Debit Card,70,Toronto
2022-05-29,Dominos,Italian,4.018457999,61.03994555,45.89831763,2.728042236,Cash,101,Toronto
2022-05-30,Subway,Vegan,3.761802411,79.45271982,53.75020176,4.996197992,Credit Card,131,Toronto
2022-05-31,A&W,Japanese,5.906997032,41.08688362,32.99691178,1.881309574,Credit Card,116,Toronto
2022-06-01,Burger King,Chinese,7.900525993,50.27255331,47.4918225,1.412866596,Gift Card,162,Toronto
2022-06-02,Burger King,Italian,6.20191806,75.58610248,58.46463228,3.340140675,Gift Card,93,Toronto
2022-06-03,Subway,Chinese,2.26116542,47.82801939,49.20973337,2.954169866,Debit Card,59,Toronto
2022-06-04,Chipotle,Italian,8.948412051,65.02291949,39.59481907,3.096785084,Credit Card,113,Toronto
2022-06-05,Dominos,Italian,2.517495148,30.75668622,45.22869778,3.66774167,Credit Card,118,Toronto
2022-06-06,Burger King,Mediterranean,9.64659587,65.98056177,49.58731591,2.068576279,Credit Card,117,Toronto
2022-06-07,Dominos,Italian,2.201135666,88.22866511,44.49103063,4.642659982,Credit Card,77,Toronto
2022-06-08,Burger King,Indian,7.555603649,88.83436938,20.66703254,2.742688264,PayPal,165,Toronto
2022-06-09,Taco Bell,Vegan,2.65765651,76.56927454,27.79093991,1.516344781,Cash,100,Toronto
2022-06-10,Chipotle,Thai,9.285412635,78.38903722,52.41872869,3.969195027,Cash,53,Toronto
2022-06-11,Taco Bell,American,5.71546589,62.42383284,30.90602589,3.57241741,Debit Card,128,Toronto
2022-06-12,Burger King,Chinese,3.100190199,64.69678766,49.26248478,2.26297361,PayPal,66,Toronto
2022-06-13,A&W,Thai,4.726525598,26.36029942,34.88480861,3.486074896,Credit Card,157,Toronto
2022-06-14,A&W,American,3.318597403,52.72803102,40.87537313,1.879447825,Credit Card,123,Toronto
2022-06-15,Taco Bell,Vegan,3.364655292,53.31598413,22.71893199,2.779357437,Gift Card,72,Toronto
2022-06-16,A&W,Vegan,9.584866561,96.47231603,27.24902244,4.597650089,Gift Card,67,Toronto
2022-06-17,Burger King,Chinese,5.561968898,51.64238332,58.28787854,1.534136933,Debit Card,178,Toronto
2022-06-18,Subway,Chinese,8.310418111,61.69412482,55.60552214,2.5467858,Credit Card,84,Toronto
2022-06-19,Taco Bell,Vegan,7.116844489,60.32636894,46.09100444,4.284569699,Debit Card,113,Toronto
2022-06-20,McDonalds,American,7.411410899,69.12474595,38.3857839,4.877963598,PayPal,108,Toronto
2022-06-21,Chipotle,Italian,3.053547508,78.59979066,47.03045172,2.815704546,Cash,50,Toronto
2022-06-22,A&W,Japanese,3.873475575,34.12855947,44.74441156,3.027998481,Credit Card,180,Toronto
2022-06-23,A&W,Fast Food,8.294002681,59.94157562,42.74209022,3.288687847,PayPal,116,Toronto
2022-06-24,Pizza Hut,Thai,9.766129652,85.20300512,22.36708287,4.729392567,Credit Card,86,Toronto
2022-06-25,KFC,Mediterranean,4.101405141,54.36475068,45.31210443,4.432827164,Gift Card,78,Toronto
2022-06-26,Taco Bell,Thai,4.172550118,38.66889144,50.75680178,1.682404498,Debit Card,138,Toronto
2022-06-27,Starbucks,Mediterranean,5.783177062,70.65027141,59.76326619,2.747031271,Gift Card,149,Toronto
2022-06-28,A&W,American,9.870722503,85.02022864,20.4431421,2.856001713,Cash,171,Toronto
2022-06-29,Chipotle,Mediterranean,4.151671567,20.3669249,49.20693813,4.156384447,Gift Card,139,Toronto
2022-06-30,McDonalds,Chinese,5.255775277,81.02719109,42.87157264,3.41157153,Credit Card,181,Toronto
2022-07-01,A&W,Japanese,9.131840125,84.8400743,37.36208704,3.616881848,Gift Card,63,Toronto
2022-07-02,McDonalds,Japanese,2.023368261,54.22944885,25.10280698,4.992799631,Credit Card,199,Toronto
2022-07-03,Burger King,Chinese,2.31812772,98.58098083,36.36340595,1.299840174,Cash,180,Toronto
2022-07-04,Burger King,Indian,6.832573417,81.87020896,34.17508732,1.892039294,Gift Card,134,Toronto
2022-07-05,KFC,American,9.259041318,80.76131802,32.11319556,2.631583749,Debit Card,70,Toronto
2022-07-06,Subway,Indian,3.910853283,78.56627883,49.23518493,2.391129612,Debit Card,75,Toronto
2022-07-07,Starbucks,Indian,5.757134197,27.80168877,48.02902085,1.086582245,Debit Card,90,Toronto
2022-07-08,Pizza Hut,Thai,5.603722413,33.46462535,43.56080364,1.367110426,Gift Card,171,Toronto
2022-07-09,KFC,Vegan,5.783770769,54.43916117,57.54659253,3.723813166,Gift Card,87,Toronto
2022-07-10,Dominos,Thai,6.980157566,37.44036975,33.99417537,4.517297853,Gift Card,137,Toronto
2022-07-11,Pizza Hut,Vegan,5.757950104,50.29548265,29.75207751,3.056908045,Credit Card,60,Toronto
2022-07-12,Taco Bell,Fast Food,5.579745131,90.51944934,46.23613252,3.156764318,Cash,78,Toronto
2022-07-13,Chipotle,Mediterranean,5.794307363,85.06778581,27.95256244,2.020373731,Debit Card,109,Toronto
2022-07-14,Dominos,Vegan,6.72693953,68.55338967,32.60042029,4.071505455,Credit Card,110,Toronto
2022-07-15,Dominos,Chinese,6.296059907,87.94023351,28.9840976,4.007178349,Debit Card,196,Toronto
2022-07-16,KFC,Thai,8.833087981,81.62065307,22.76614271,3.353462757,Credit Card,71,Toronto
2022-07-17,Subway,American,2.395974828,51.46371921,53.09994967,1.850657146,Gift Card,127,Toronto
2022-07-18,KFC,Mediterranean,8.666536572,32.09053792,30.18162172,1.388072873,Debit Card,162,Toronto
2022-07-19,Taco Bell,Fast Food,8.751396901,58.7070884,38.92110013,1.256954303,Gift Card,172,Toronto
2022-07-20,A&W,Vegan,4.279264172,77.57945501,21.73261093,3.370784267,Debit Card,191,Toronto
2022-07-21,A&W,Fast Food,5.70281564,52.09566589,47.97357865,4.300141277,PayPal,93,Toronto
2022-07-22,Subway,American,5.508307908,71.67561233,33.22244009,4.433321727,Credit Card,193,Toronto
2022-07-23,Taco Bell,Indian,3.748078675,23.01783123,49.78946911,2.854488297,PayPal,146,Toronto
2022-07-24,Subway,Japanese,5.174374777,78.58040259,36.49612242,4.137085197,Credit Card,126,Toronto
2022-07-25,McDonalds,American,2.355102177,84.08065769,27.83022426,4.787520785,Cash,189,Toronto
2022-07-26,A&W,Mexican,4.222576582,75.08121774,40.52700329,2.10068045,Debit Card,104,Toronto
2022-07-27,Dominos,American,8.533457404,97.21740494,25.22018239,2.591841386,Cash,100,Toronto
2022-07-28,Starbucks,Fast Food,4.276498414,85.26542488,37.62156639,4.72591597,Cash,151,Toronto
2022-07-29,Chipotle,Chinese,8.54565335,91.76296687,32.6922191,2.352923869,Credit Card,78,Toronto
2022-07-30,Taco Bell,Thai,6.252795717,94.35354209,56.47838337,4.655505161,PayPal,118,Toronto
2022-07-31,Pizza Hut,Chinese,9.038901419,83.11457931,22.43714887,4.924179449,Gift Card,129,Toronto
2022-08-01,Subway,Fast Food,6.598236434,72.31200157,47.76069656,3.647242914,Credit Card,80,Toronto
2022-08-02,Chipotle,Thai,2.237345785,15.48607942,27.31004664,4.267561158,Gift Card,161,Toronto
2022-08-03,Pizza Hut,Mexican,7.40336166,54.59518902,32.76180297,3.998182257,Cash,95,Toronto
2022-08-04,Chipotle,Japanese,2.358828544,63.54879538,36.62056252,3.79813703,Gift Card,146,Toronto
2022-08-05,Starbucks,Mediterranean,5.604776152,40.84257316,56.32060357,2.227724292,PayPal,101,Toronto
2022-08-06,Pizza Hut,Fast Food,9.435413556,42.03887799,29.70313064,1.228377352,Credit Card,187,Toronto
2022-08-07,KFC,Vegan,3.321631515,96.69855034,23.6523521,2.37220693,PayPal,123,Toronto
2022-08-08,Burger King,Fast Food,5.118978824,90.79542354,32.74758416,3.667743941,PayPal,90,Toronto
2022-08-09,KFC,Fast Food,7.838882471,87.18021547,24.18703882,1.410116793,Credit Card,126,Toronto
2022-08-10,A&W,Thai,9.058068449,49.51100315,25.14385944,1.047671932,PayPal,180,Toronto
2022-08-11,Burger King,Italian,7.367544038,16.16437678,42.95402392,1.55876949,Debit Card,163,Toronto
2022-08-12,KFC,American,4.065386034,21.81889095,22.43607732,3.862943706,Debit Card,101,Toronto
2022-08-13,Burger King,Italian,7.396862823,41.5366913,21.23723526,4.891174807,Debit Card,136,Toronto
2022-08-14,Burger King,Mexican,4.373821129,16.3381476,48.57656406,4.932258798,Gift Card,158,Toronto
2022-08-15,Dominos,Vegan,7.747433839,16.45773146,34.46588379,2.975916597,PayPal,190,Toronto
2022-08-16,Subway,Japanese,9.632265021,92.91128064,25.01501397,4.477409204,Credit Card,118,Toronto
2022-08-17,Subway,Indian,7.771147609,75.02347268,30.14451083,3.947305823,Credit Card,169,Toronto
2022-08-18,Dominos,Mexican,8.903044023,41.26125916,45.68346029,3.004160948,Gift Card,116,Toronto
2022-08-19,Chipotle,Indian,2.016830745,26.2747891,31.02146269,3.291042132,Credit Card,110,Toronto
2022-08-20,McDonalds,Indian,7.740576998,58.48903602,39.780845,1.548908586,Debit Card,120,Toronto
2022-08-21,Chipotle,Japanese,8.636700455,15.45442367,24.86781227,4.750645842,PayPal,79,Toronto
2022-08-22,Pizza Hut,Chinese,2.3244699,94.76516823,43.5237455,2.407719083,Credit Card,195,Toronto
2022-08-23,Pizza Hut,Italian,8.972781818,50.25928515,32.64310735,2.784597026,Credit Card,145,Toronto
2022-08-24,Burger King,Fast Food,4.053553826,49.1984712,45.07873738,3.686640924,Cash,105,Toronto
2022-08-25,KFC,Mediterranean,7.322336816,48.20045664,52.33579529,2.335609886,Cash,102,Toronto
2022-08-26,KFC,Indian,8.402839032,20.89290808,44.46585678,2.017036644,Cash,56,Toronto
2022-08-27,Subway,Vegan,7.301316104,69.25739038,31.8299025,3.524197573,PayPal,146,Toronto
2022-08-28,Taco Bell,Mexican,2.738278337,77.30530767,30.22974806,1.099936329,Debit Card,162,Toronto
2022-08-29,Chipotle,Chinese,6.770572151,72.4706588,33.09683835,3.882900448,Debit Card,174,Toronto
2022-08-30,A&W,Indian,6.396669254,26.76701693,26.58482053,3.05609348,Debit Card,181,Toronto
2022-08-31,Starbucks,Chinese,9.202570145,64.20141428,27.24687403,3.423014922,PayPal,170,Toronto
2022-09-01,KFC,Chinese,5.233917837,63.40618115,51.62764408,3.527520637,PayPal,87,Toronto
2022-09-02,Starbucks,Indian,4.568648777,88.81491698,35.38930306,3.108200626,Cash,171,Toronto
2022-09-03,Burger King,Thai,7.998806115,47.22585096,37.43980722,3.33013511,Credit Card,75,Toronto
2022-09-04,Starbucks,American,5.301402609,46.57630521,43.76197862,3.735152804,Gift Card,178,Toronto
2022-09-05,A&W,Vegan,7.1687694,67.57479999,43.58613981,4.012475389,Gift Card,53,Toronto
2022-09-06,Dominos,Fast Food,7.171600721,68.81117555,22.69507486,3.909809565,Credit Card,88,Toronto
2022-09-07,A&W,Fast Food,9.104312515,54.88924432,53.26163145,4.478465831,Cash,103,Toronto
2022-09-08,Starbucks,Vegan,6.789539219,52.6600458,27.09306213,1.757773733,Credit Card,82,Toronto
2022-09-09,A&W,Thai,6.01722888,57.002552,48.92286544,2.604591878,Credit Card,69,Toronto
2022-09-10,McDonalds,Fast Food,3.110970611,88.18885046,50.90683953,4.791184264,Gift Card,65,Toronto
2022-09-11,Burger King,Chinese,2.925900853,54.19918661,48.59598136,2.586362298,Cash,198,Toronto
2022-09-12,Chipotle,Japanese,3.234572522,94.89420232,43.15910586,1.499480308,PayPal,176,Toronto
2022-09-13,Dominos,Mexican,3.374787851,57.84031991,20.58435988,3.101780505,Gift Card,136,Toronto
2022-09-14,KFC,Italian,7.103016741,95.68205892,34.41501969,1.43796389,PayPal,131,Toronto
2022-09-15,Pizza Hut,Fast Food,7.927850002,85.79071166,44.19357717,1.811412955,Cash,111,Toronto
2022-09-16,Chipotle,Vegan,6.239932183,45.80666242,35.49805184,4.993275026,Credit Card,80,Toronto
2022-09-17,Pizza Hut,Japanese,8.63214186,88.40952081,54.5391958,3.165450554,Debit Card,91,Toronto
2022-09-18,Burger King,Indian,9.930105814,24.35537916,32.35209101,2.136233556,Debit Card,61,Toronto
2022-09-19,Dominos,American,8.560101033,93.6290099,31.7413917,4.979099818,Cash,114,Toronto
2022-09-20,Subway,Vegan,7.559058989,68.68969878,30.63990772,4.866235674,Debit Card,122,Toronto
2022-09-21,KFC,Chinese,6.259941595,19.62321362,33.31123476,2.762956164,PayPal,180,Toronto
2022-09-22,McDonalds,American,5.590824573,69.76182151,42.29619857,2.041612435,Debit Card,164,Toronto
2022-09-23,Subway,Mexican,2.675139044,97.8110506,48.28061177,4.353598552,Cash,186,Toronto
2022-09-24,Burger King,Mexican,5.194949987,20.93305564,46.50271671,3.862482868,Cash,155,Toronto
2022-09-25,Chipotle,Thai,9.281077094,62.14845533,52.3087128,3.74776574,PayPal,65,Toronto
2022-09-26,McDonalds,Mediterranean,8.464181039,78.56251973,55.43655982,4.572454965,Debit Card,127,Toronto
2022-09-27,A&W,Thai,3.72841092,83.87197987,52.64316169,3.757668535,Debit Card,174,Toronto
2022-09-28,Starbucks,Japanese,5.732862278,50.17533455,20.75781613,2.135191772,Credit Card,180,Toronto
2022-09-29,McDonalds,American,8.53378562,32.35415753,49.43671814,3.775452648,Gift Card,190,Toronto
2022-09-30,Burger King,Mediterranean,2.539076438,18.5990937,28.33598294,2.223254045,Cash,179,Toronto
2022-10-01,Taco Bell,Indian,5.099140685,64.27672335,25.31712171,4.036955919,Credit Card,161,Toronto
2022-10-02,Starbucks,Chinese,8.814729895,53.49744097,45.53955139,3.478991418,Cash,176,Toronto
2022-10-03,Pizza Hut,American,5.231182913,95.64327359,32.78972782,1.309646208,Credit Card,70,Toronto
2022-10-04,KFC,Thai,2.620917158,20.15141716,22.28468653,3.05134145,Gift Card,196,Toronto
2022-10-05,Pizza Hut,Italian,6.340274948,73.25860419,25.50518938,2.373203877,Credit Card,138,Toronto
2022-10-06,McDonalds,Mediterranean,8.893939959,17.12212888,20.03717667,2.314282531,Cash,96,Toronto
2022-10-07,Pizza Hut,Mediterranean,6.722284344,29.57190502,56.12894509,3.40902521,Debit Card,199,Toronto
2022-10-08,Burger King,Chinese,3.810232866,53.55421499,20.98471935,2.289299298,Cash,134,Toronto
2022-10-09,A&W,Fast Food,5.073916961,53.66415764,28.37823078,4.107574993,PayPal,177,Toronto
2022-10-10,Chipotle,Mexican,5.600986889,73.28454615,36.65051123,1.283165744,PayPal,121,Toronto
2022-10-11,KFC,Mexican,6.634130831,92.36810796,34.26285304,3.64155301,PayPal,91,Toronto
2022-10-12,Pizza Hut,Italian,8.074808206,69.31773351,56.46903508,4.236779215,PayPal,58,Toronto
2022-10-13,Pizza Hut,Japanese,2.790988941,96.05048332,21.61155783,3.69132676,Gift Card,74,Toronto
2022-10-14,McDonalds,Japanese,9.117216264,89.93732939,40.48858831,2.98891678,Debit Card,51,Toronto
2022-10-15,Chipotle,Indian,2.098477624,64.68248262,47.2191785,4.801228055,Debit Card,68,Toronto
2022-10-16,Subway,American,4.960418677,85.87231583,57.26791895,2.199753959,Cash,69,Toronto
2022-10-17,Pizza Hut,Vegan,2.21936248,69.61909688,44.81485008,1.07667155,Credit Card,119,Toronto
2022-10-18,Burger King,Fast Food,5.143793803,21.67741563,52.15020944,2.727957486,Cash,66,Toronto
2022-10-19,Taco Bell,Thai,6.206500791,77.94800148,23.34899751,1.132047744,Cash,173,Toronto
2022-10-20,KFC,Vegan,6.093451093,23.06721751,35.43758044,4.81574701,Cash,138,Toronto
2022-10-21,Pizza Hut,Vegan,3.325026776,65.49703635,34.95788538,1.839672183,Cash,143,Toronto
2022-10-22,Burger King,Mediterranean,7.165924081,74.7244175,55.45152866,4.155708096,Debit Card,133,Toronto
2022-10-23,Burger King,Italian,2.358227604,20.6548467,26.05484685,4.098288333,Credit Card,180,Toronto
2022-10-24,KFC,Mexican,8.095254561,34.61754558,26.07544689,1.870915599,Cash,136,Toronto
2022-10-25,Subway,Indian,9.573155472,92.83213974,33.142326,3.484906122,Debit Card,100,Toronto
2022-10-26,Burger King,Japanese,4.718150617,67.38673184,22.17864189,1.192315874,Cash,131,Toronto
2022-10-27,Taco Bell,Italian,6.137915054,35.9343116,27.29832163,2.934298343,PayPal,57,Toronto
2022-10-28,Burger King,Mediterranean,5.031282224,73.70778055,58.60838554,1.058588509,Cash,170,Toronto
2022-10-29,Burger King,Thai,2.053683122,65.7259957,37.12735759,4.684575521,Cash,53,Toronto
2022-10-30,Burger King,Indian,5.086996023,57.63393449,45.28076834,4.904344097,Gift Card,135,Toronto
2022-10-31,A&W,Mediterranean,8.333762074,97.97589287,49.04445037,1.889131067,PayPal,177,Toronto
2022-11-01,A&W,Mexican,6.767910737,73.09357108,34.67845628,1.832424138,Credit Card,159,Toronto
2022-11-02,Subway,Mexican,2.810079317,46.91249432,25.88908298,4.014880706,Cash,148,Toronto
2022-11-03,Pizza Hut,Mexican,8.777115918,83.00624173,28.26324065,2.013517595,Credit Card,86,Toronto
2022-11-04,Burger King,Italian,6.248682759,90.1895799,32.53065906,4.580306237,PayPal,120,Toronto
2022-11-05,Chipotle,Italian,8.733786894,25.64374756,45.44273681,3.295716544,Cash,82,Toronto
2022-11-06,Pizza Hut,Japanese,6.64177215,32.04700312,35.93122196,2.403110492,Gift Card,80,Toronto
2022-11-07,Subway,Japanese,6.477507559,33.37929578,20.27258792,4.330774985,Debit Card,174,Toronto
2022-11-08,Dominos,Thai,2.842073482,73.7530038,40.9362874,2.973626802,Gift Card,61,Toronto
2022-11-09,Pizza Hut,Indian,3.338877865,66.25836218,56.86053568,4.646531655,Gift Card,60,Toronto
2022-11-10,Pizza Hut,Chinese,9.776202052,67.614283,52.48310444,4.712056947,Debit Card,137,Toronto
2022-11-11,Starbucks,Chinese,3.827893974,94.96573047,53.00845485,1.661680609,Debit Card,121,Toronto
2022-11-12,McDonalds,Mediterranean,9.819616944,80.95248029,51.8023207,1.009293625,Debit Card,81,Toronto
2022-11-13,Starbucks,Mexican,6.255301652,25.87463858,32.94923302,4.935723761,Cash,106,Toronto
2022-11-14,Taco Bell,Indian,3.086312377,44.53810201,50.60775335,4.624550145,Credit Card,135,Toronto
2022-11-15,A&W,Vegan,2.794417622,52.00845992,25.72645431,1.221780943,Credit Card,68,Toronto
2022-11-16,A&W,Italian,3.670912566,48.65673504,46.30864589,4.332137056,Debit Card,165,Toronto
2022-11-17,McDonalds,American,9.40509864,71.89123178,45.66274267,2.83121973,Gift Card,63,Toronto
2022-11-18,KFC,Fast Food,5.313201795,90.81091378,21.02279196,2.03584642,PayPal,82,Toronto
2022-11-19,KFC,Thai,5.163474144,41.0143744,51.51880534,4.514986095,Debit Card,59,Toronto
2022-11-20,Subway,Mexican,4.505650089,61.9095566,56.1299242,1.78666893,Gift Card,129,Toronto
2022-11-21,McDonalds,Mexican,3.176494805,82.09980086,30.69661114,4.789199998,Gift Card,113,Toronto
2022-11-22,Pizza Hut,Mexican,5.902809578,50.378535,52.49562897,1.822485951,Cash,117,Toronto
2022-11-23,KFC,Italian,3.04038226,29.29004091,23.29623887,3.454732751,Cash,141,Toronto
2022-11-24,Burger King,Italian,8.683841891,55.37083205,43.99871433,1.892345338,Credit Card,174,Toronto
2022-11-25,Chipotle,Fast Food,4.96317589,19.69391426,39.42587461,3.18267466,Credit Card,129,Toronto
2022-11-26,Pizza Hut,Vegan,4.998428542,95.10259359,41.83694133,3.73590052,PayPal,108,Toronto
2022-11-27,Taco Bell,Indian,5.792051428,21.35980244,57.04820808,1.760911723,PayPal,146,Toronto
2022-11-28,Burger King,Mexican,5.553021705,52.2688208,54.85260989,3.083543131,PayPal,68,Toronto
2022-11-29,Burger King,Chinese,9.958863784,60.03990719,51.40334629,2.876238978,PayPal,198,Toronto
2022-11-30,McDonalds,Japanese,6.36304897,98.75082574,30.94793831,1.284149686,Gift Card,71,Toronto
2022-12-01,Subway,Chinese,2.70561363,29.11185501,56.47274515,4.273231271,Gift Card,58,Toronto
2022-12-02,Taco Bell,Mediterranean,6.855018733,24.72667908,23.9003077,2.342729603,Credit Card,58,Toronto
2022-12-03,KFC,Chinese,3.212674343,15.7400225,54.13316866,3.29832879,Cash,76,Toronto
2022-12-04,McDonalds,Mediterranean,2.247501158,28.22357213,33.12640289,3.05913694,Cash,66,Toronto
2022-12-05,KFC,American,9.765937229,32.61820322,22.15089247,3.053042018,Debit Card,94,Toronto
2022-12-06,McDonalds,Japanese,8.188311132,68.59938003,46.77427937,1.428889577,Gift Card,57,Toronto
2022-12-07,McDonalds,Chinese,9.840871939,33.67507718,29.25119713,2.693928037,PayPal,195,Toronto
2022-12-08,McDonalds,American,5.823027584,16.74426925,29.74284503,2.809467037,PayPal,174,Toronto
2022-12-09,Subway,Thai,6.258060249,85.26255937,32.24188665,3.934571361,Debit Card,172,Toronto
2022-12-10,McDonalds,Indian,3.346695647,46.07563459,22.5473907,4.360075328,Cash,82,Toronto
2022-12-11,Dominos,American,3.975259413,45.06421836,27.08508577,3.179929112,PayPal,50,Toronto
2022-12-12,Chipotle,Indian,8.708393719,40.71071748,20.2055851,1.347131816,Cash,55,Toronto
2022-12-13,KFC,Chinese,4.849485177,97.90672856,37.81638084,1.947397882,Debit Card,90,Toronto
2022-12-14,Pizza Hut,Vegan,8.61451979,29.45981047,23.3702151,1.659736107,Cash,54,Toronto
2022-12-15,Starbucks,American,7.672109794,91.35023544,47.3061042,1.498460253,Cash,129,Toronto
2022-12-16,Taco Bell,Japanese,3.417367402,81.02828323,29.42491405,2.463597194,Cash,67,Toronto
2022-12-17,A&W,Chinese,6.059570929,21.50079622,57.74296576,1.917574009,PayPal,131,Toronto
2022-12-18,Subway,Mexican,7.419098572,98.87197363,54.8500651,1.873212447,Credit Card,114,Toronto
2022-12-19,Pizza Hut,Italian,3.880297718,38.0661069,31.5776358,1.218772698,Gift Card,132,Toronto
2022-12-20,Burger King,American,8.645508084,23.3795488,51.32861819,1.070680179,Cash,185,Toronto
2022-12-21,Dominos,Japanese,6.35862126,85.4917099,52.12979619,1.411072971,Cash,180,Toronto
2022-12-22,A&W,Thai,3.321936404,75.06742036,59.46252456,1.688789918,Cash,74,Toronto
2022-12-23,Starbucks,Mexican,6.663875409,67.4635985,43.91359947,2.723934915,Credit Card,118,Toronto
2022-12-24,Pizza Hut,Thai,9.997710433,28.25837341,23.27862939,3.042081045,Debit Card,131,Toronto
2022-12-25,A&W,Chinese,3.204171933,55.67216988,45.87348916,1.562367673,PayPal,166,Toronto
2022-12-26,Pizza Hut,Italian,8.534055441,81.34726229,44.99918994,2.699133366,Credit Card,144,Toronto
2022-12-27,Dominos,American,3.658472026,40.80803474,45.5340231,2.366995369,Cash,82,Toronto
2022-12-28,Starbucks,American,8.259106636,41.49363542,32.28582592,1.733694574,Credit Card,160,Toronto
2022-12-29,Burger King,Vegan,7.876623385,15.26697701,54.3871834,1.027362993,Credit Card,195,Toronto
2022-12-30,McDonalds,Vegan,4.403915085,29.81068914,58.37888732,2.868071466,Credit Card,174,Toronto
2022-12-31,KFC,Chinese,4.606584941,89.40947814,28.70850052,3.742606997,Debit Card,65,Toronto
2023-01-01,Burger King,Chinese,8.340171136,52.54845179,23.52608633,1.905109337,Gift Card,129,Toronto
2023-01-02,McDonalds,Italian,5.691564095,98.65993243,27.78140133,1.52722732,PayPal,87,Toronto
2023-01-03,Subway,Vegan,7.84654423,48.6351769,52.82208557,4.548170978,Debit Card,184,Toronto
2023-01-04,Chipotle,Japanese,3.183873179,75.79084866,47.06578539,2.10009909,Debit Card,127,Toronto
2023-01-05,Taco Bell,Japanese,8.820462255,38.96311865,45.44189369,1.894450479,Gift Card,112,Toronto
2023-01-06,Taco Bell,Italian,7.687077733,45.9238195,36.0717254,4.428387758,Debit Card,161,Toronto
2023-01-07,KFC,Japanese,9.255542471,31.21170895,43.11311886,4.268428397,Credit Card,138,Toronto
2023-01-08,Starbucks,Mediterranean,3.058979032,44.50030132,32.31496501,2.793385882,Credit Card,87,Toronto
2023-01-09,Dominos,Indian,6.744116003,61.51518924,39.08800318,2.956955446,Cash,199,Toronto
2023-01-10,Starbucks,Italian,6.79296468,99.30069488,51.72252113,1.870994819,Debit Card,193,Toronto
2023-01-11,Dominos,Italian,4.827685924,71.45714561,59.2496639,1.313206682,Cash,101,Toronto
2023-01-12,Starbucks,Fast Food,5.667731397,31.93590612,57.29955694,3.293727301,PayPal,78,Toronto
2023-01-13,Chipotle,Mexican,2.303852506,18.82172254,57.35463771,1.393379686,Credit Card,193,Toronto
2023-01-14,Subway,Mexican,7.966880309,25.74030091,36.08894939,2.797098188,PayPal,125,Toronto
2023-01-15,Subway,Mediterranean,6.394579835,62.81719211,38.75159522,4.761988794,Gift Card,194,Toronto
2023-01-16,McDonalds,Vegan,2.461928415,80.03862795,48.22541585,4.811337557,Credit Card,113,Toronto
2023-01-17,A&W,Chinese,7.446047144,94.93563262,56.88767712,1.957329146,PayPal,140,Toronto
2023-01-18,Subway,Chinese,5.734256618,16.34496962,25.67977037,3.49645368,Gift Card,138,Toronto
2023-01-19,Subway,Thai,2.275690075,59.43461203,32.16967455,2.896305056,PayPal,62,Toronto
2023-01-20,Burger King,Mediterranean,9.756861815,55.02372528,25.56987378,4.50274051,Gift Card,121,Toronto
2023-01-21,Burger King,Italian,9.592897145,70.76467687,44.4803412,2.085723457,Gift Card,54,Toronto
2023-01-22,McDonalds,Mediterranean,6.103219329,62.56420263,32.25203988,1.014809627,Credit Card,61,Toronto
2023-01-23,A&W,Mediterranean,2.749379366,73.3983278,33.0443141,1.650244824,Cash,52,Toronto
2023-01-24,KFC,Mediterranean,8.036969773,70.9370197,22.83663838,2.398091205,Gift Card,82,Toronto
2023-01-25,Burger King,Mexican,5.935448801,24.94599661,33.99184247,2.262884519,Gift Card,170,Toronto
2023-01-26,KFC,Mediterranean,4.419579826,82.97602266,54.4998603,4.165451676,Credit Card,99,Toronto
2023-01-27,Pizza Hut,Indian,5.93134542,25.47476894,29.32291248,3.722242665,Cash,186,Toronto
2023-01-28,Burger King,Chinese,6.179553163,74.37510314,47.80749865,2.198225278,Debit Card,78,Toronto
2023-01-29,Chipotle,Thai,6.501693592,50.37235625,45.1851338,2.830975269,Debit Card,88,Toronto
2023-01-30,A&W,Indian,5.529789709,58.67731244,54.53938433,1.382236416,Cash,140,Toronto
2023-01-31,McDonalds,Thai,6.846042425,91.78033122,25.29151791,4.592585779,PayPal,149,Toronto
2023-02-01,Pizza Hut,Fast Food,9.349877685,90.64011675,59.10359841,4.741699298,Credit Card,66,Toronto
2023-02-02,A&W,Thai,4.898144697,84.51778598,43.30514584,4.919214142,Cash,105,Toronto
2023-02-03,Chipotle,Chinese,7.805731706,58.36261234,59.81896609,4.474211323,Debit Card,95,Toronto
2023-02-04,A&W,Chinese,9.155620455,77.58038386,56.46058903,1.695843551,Gift Card,116,Toronto
2023-02-05,Chipotle,Mediterranean,5.647834206,58.59624972,28.86069088,1.184785933,Debit Card,191,Toronto
2023-02-06,Chipotle,American,5.547646691,88.91651701,22.2464804,3.31838691,Gift Card,116,Toronto
2023-02-07,KFC,Fast Food,6.816935883,49.23594582,30.22556375,4.650420108,Credit Card,72,Toronto
2023-02-08,Starbucks,Italian,6.731254075,97.47000428,41.10254596,1.709405447,Gift Card,143,Toronto
2023-02-09,Pizza Hut,Japanese,8.452714739,94.24743445,26.86385468,1.028171658,Cash,103,Toronto
2023-02-10,A&W,Thai,5.81186707,78.03622265,26.69838978,4.221984184,Gift Card,187,Toronto
2023-02-11,Dominos,American,9.968983597,38.75035015,38.50374188,1.307182737,PayPal,126,Toronto
2023-02-12,Pizza Hut,Mediterranean,2.475772551,26.19055505,21.33071885,2.654824128,Cash,65,Toronto
2023-02-13,Starbucks,Mexican,2.025342789,87.64979326,24.8755233,3.715549349,Credit Card,90,Toronto
2023-02-14,Pizza Hut,Italian,7.121586492,29.05069432,36.63445358,1.947190342,Cash,147,Toronto
2023-02-15,Subway,Vegan,4.387479299,87.61216706,22.52519637,1.335850254,PayPal,177,Toronto
2023-02-16,Dominos,American,3.92305911,56.71502557,35.87020226,4.080084914,Credit Card,110,Toronto
2023-02-17,Starbucks,Mexican,4.49519264,49.55732662,38.96025064,3.52070034,Debit Card,135,Toronto
2023-02-18,KFC,Fast Food,4.048380521,91.7712162,38.05066456,4.953961938,PayPal,167,Toronto
2023-02-19,A&W,Mediterranean,2.246320397,66.32733352,54.7669943,2.377232133,Credit Card,149,Toronto
2023-02-20,Taco Bell,Italian,9.772264339,64.01219061,41.2024982,1.247049545,Gift Card,98,Toronto
2023-02-21,Starbucks,Italian,3.765963908,62.49510529,38.7192185,3.937400141,Cash,51,Toronto
2023-02-22,McDonalds,Italian,7.872238101,46.54940886,36.42836982,3.086933675,Credit Card,169,Toronto
2023-02-23,A&W,Fast Food,8.100771158,81.7796638,52.70493513,1.852815726,Cash,172,Toronto
2023-02-24,Starbucks,Thai,9.434059184,36.48786774,55.80226416,4.126915956,Gift Card,135,Toronto
2023-02-25,Subway,Vegan,2.244395657,94.8060716,54.12969877,1.815021943,Credit Card,126,Toronto
2023-02-26,Taco Bell,Fast Food,8.976386708,90.98874243,46.94186313,2.042646619,Debit Card,185,Toronto
2023-02-27,Subway,Japanese,6.217809447,43.68582768,25.49446984,1.370114217,PayPal,108,Toronto
2023-02-28,Taco Bell,Vegan,7.06035288,77.00442044,31.07479878,2.597729116,Credit Card,61,Toronto
2023-03-01,McDonalds,Chinese,7.155762217,63.72397153,21.84252255,2.675716896,Gift Card,53,Toronto
2023-03-02,A&W,Mediterranean,8.55838244,43.70019067,57.232963,3.058247161,Credit Card,166,Toronto
2023-03-03,KFC,Fast Food,4.667258577,99.02434008,46.43194119,3.835857068,Cash,144,Toronto
2023-03-04,Subway,Mexican,7.864409519,17.1451744,49.85451537,4.624403715,Credit Card,174,Toronto
2023-03-05,Subway,Vegan,6.228624878,36.4749126,32.46286958,1.550936396,Debit Card,90,Toronto
2023-03-06,Chipotle,Japanese,8.347152114,59.20629519,53.82614089,1.217392393,Credit Card,172,Toronto
2023-03-07,Taco Bell,Chinese,9.924368262,59.3660053,30.38413135,1.074124934,PayPal,56,Toronto
2023-03-08,Burger King,Thai,3.605208139,65.05931137,20.06575028,1.574485512,Credit Card,118,Toronto
2023-03-09,A&W,Mexican,9.957189132,78.89247462,35.0565985,3.631797943,Cash,118,Toronto
2023-03-10,Taco Bell,Vegan,2.718497234,67.99561559,42.83045924,3.909908312,Credit Card,130,Toronto
2023-03-11,Chipotle,Mediterranean,2.018540383,66.02392414,39.14819432,4.146022854,Debit Card,79,Toronto
2023-03-12,Pizza Hut,Mexican,2.353295489,19.54872935,54.4830457,1.974832848,Gift Card,122,Toronto
2023-03-13,Taco Bell,Chinese,4.734259238,47.00507446,24.21621144,2.223579253,Credit Card,55,Toronto
2023-03-14,KFC,Mexican,7.063250645,34.72473787,42.15293763,2.932538582,Credit Card,138,Toronto
2023-03-15,A&W,Indian,2.552236327,37.55645949,40.51917399,1.252732387,PayPal,196,Toronto
2023-03-16,Chipotle,American,2.045326516,62.11868532,31.25571929,3.444566093,Debit Card,115,Toronto
2023-03-17,Pizza Hut,Thai,9.496728228,31.95795177,52.8891245,4.934940135,Gift Card,59,Toronto
2023-03-18,Dominos,Chinese,8.575413088,39.98567359,50.11394624,2.443225246,Cash,193,Toronto
2023-03-19,Chipotle,Mexican,8.473465369,35.15220022,49.31436749,4.0113899,Credit Card,86,Toronto
2023-03-20,Dominos,American,9.075394204,95.62275017,55.04769913,3.000135662,Gift Card,126,Toronto
2023-03-21,A&W,American,7.600274182,95.29658723,48.91138402,1.511247377,Cash,126,Toronto
2023-03-22,Subway,Mexican,2.835233038,66.84503248,29.27365167,3.328949795,Debit Card,81,Toronto
2023-03-23,Chipotle,Mediterranean,5.192801505,93.58440984,48.22250847,2.199497074,Debit Card,96,Toronto
2023-03-24,McDonalds,Indian,7.785195892,81.79407486,32.30811254,1.137612834,Gift Card,159,Toronto
2023-03-25,Dominos,Fast Food,4.242675686,65.14557004,29.68698601,3.53971892,Cash,169,Toronto
2023-03-26,KFC,Indian,7.499250913,15.54699298,22.92014372,4.435729397,Debit Card,59,Toronto
2023-03-27,McDonalds,Mexican,2.195987586,80.66388432,49.76114321,2.379079068,Gift Card,146,Toronto
2023-03-28,Starbucks,Thai,4.449098727,74.71150904,48.44003848,2.561182189,Debit Card,54,Toronto
2023-03-29,Starbucks,Fast Food,6.39304269,67.29656053,29.37997911,4.564086732,Debit Card,126,Toronto
2023-03-30,Pizza Hut,Chinese,7.056718636,79.63606649,49.97516067,4.254435253,Debit Card,50,Toronto
2023-03-31,Subway,Indian,6.616325316,58.59838401,56.71363532,3.859811294,PayPal,180,Toronto
2023-04-01,A&W,Mexican,7.582050209,74.84707806,24.3211583,1.995188255,Cash,116,Toronto
2023-04-02,Chipotle,Indian,2.048709986,94.48962737,29.30546554,4.64086662,Gift Card,64,Toronto
2023-04-03,Burger King,Fast Food,2.8075296,46.94342635,50.01043176,1.61766303,Gift Card,142,Toronto
2023-04-04,KFC,Japanese,8.951554018,75.19035597,30.98026694,3.507082078,Cash,79,Toronto
2023-04-05,Dominos,Vegan,7.453989153,55.43346453,44.98655897,1.115204722,Cash,152,Toronto
2023-04-06,A&W,Indian,2.903453141,72.3239704,23.24656898,3.574879225,Cash,131,Toronto
2023-04-07,McDonalds,Chinese,8.736595499,79.84593352,38.08809916,2.108577407,Cash,124,Toronto
2023-04-08,Starbucks,Chinese,3.937849743,18.86346254,49.56365688,2.798707909,Credit Card,109,Toronto
2023-04-09,KFC,Italian,5.826079074,69.96103774,47.46055772,2.381058208,Gift Card,89,Toronto
2023-04-10,Burger King,Indian,3.161572103,34.27300067,52.60288403,1.691027025,Credit Card,123,Toronto
2023-04-11,Chipotle,Vegan,7.680880451,71.95276571,55.09808506,3.48792316,Debit Card,170,Toronto
2023-04-12,Pizza Hut,Mediterranean,7.334835368,54.8080658,50.92734005,4.527902221,Debit Card,196,Toronto
2023-04-13,Burger King,American,3.688899769,80.75198306,46.86350972,4.836336969,Gift Card,52,Toronto
2023-04-14,KFC,Vegan,8.907206135,25.48906929,21.26889967,1.769385453,Debit Card,85,Toronto
2023-04-15,Burger King,American,5.210448194,68.23739989,41.39866694,3.869491096,Cash,92,Toronto
2023-04-16,KFC,American,4.340120729,38.67001196,21.507909,3.657357466,Credit Card,192,Toronto
2023-04-17,KFC,Japanese,3.218636716,87.5034696,52.32271268,2.373511158,Cash,164,Toronto
2023-04-18,Taco Bell,Italian,4.1293441,93.91259798,32.82898098,1.076396797,Debit Card,158,Toronto
2023-04-19,Dominos,Vegan,2.17621537,99.69385496,42.49717496,3.759164989,Credit Card,139,Toronto
2023-04-20,Starbucks,Vegan,6.66605994,82.66062921,31.17781229,4.781979442,Cash,133,Toronto
2023-04-21,Taco Bell,Japanese,8.737845971,79.06739599,51.30000578,3.528480488,Gift Card,126,Toronto
2023-04-22,Chipotle,Indian,6.391843596,33.3175645,55.46010107,2.741170897,Cash,54,Toronto
2023-04-23,Taco Bell,Indian,3.754191695,43.56060001,35.94569977,3.100615576,Debit Card,127,Toronto
2023-04-24,Subway,Indian,2.269353426,54.58301605,54.51689574,1.798515231,Credit Card,140,Toronto
2023-04-25,Subway,Thai,3.717024586,80.73738906,30.6830003,4.002176655,Gift Card,136,Toronto
2023-04-26,Starbucks,American,5.328971425,92.77209853,41.38643692,3.98567932,Credit Card,63,Toronto
2023-04-27,Burger King,Thai,8.07689143,31.0768235,54.35045719,1.582069202,Gift Card,153,Toronto
2023-04-28,Dominos,Italian,3.50274282,93.4012362,33.0352537,4.51191353,Credit Card,132,Toronto
2023-04-29,Starbucks,Japanese,7.758331627,74.12809545,58.1616906,2.076758958,Debit Card,103,Toronto
2023-04-30,KFC,Vegan,8.935467747,66.91551211,24.87518007,4.929024244,Gift Card,181,Toronto
2023-05-01,McDonalds,American,5.631574785,31.98650806,20.73100279,2.531612056,PayPal,144,Toronto
2023-05-02,Dominos,Thai,8.571455933,19.71962779,56.1654141,1.711536235,Credit Card,58,Toronto
2023-05-03,Dominos,Thai,6.437258784,63.31951637,22.74594665,2.406880445,Credit Card,102,Toronto
2023-05-04,KFC,Mexican,7.096726697,70.37883308,59.67556784,2.760721315,Cash,126,Toronto
2023-05-05,KFC,Thai,6.210227683,32.9164232,58.05587448,1.277231092,Gift Card,109,Toronto
2023-05-06,Pizza Hut,Mediterranean,5.705381734,62.2987775,25.4808364,3.312873525,PayPal,95,Toronto
2023-05-07,Starbucks,Vegan,3.877227534,87.80193923,41.50338503,3.390529759,Debit Card,103,Toronto
2023-05-08,KFC,Mediterranean,4.425552476,85.98060536,27.3968119,3.955721821,Cash,123,Toronto
2023-05-09,Subway,Vegan,4.319760952,93.82519035,37.12620692,1.116679569,PayPal,161,Toronto
2023-05-10,Chipotle,Japanese,6.506311448,46.10029381,22.45700517,3.164952858,Gift Card,144,Toronto
2023-05-11,McDonalds,Vegan,2.959629544,42.03421367,28.95698351,1.211629733,PayPal,72,Toronto
2023-05-12,Starbucks,Mediterranean,9.334333526,78.70121051,34.53091186,3.80457688,Credit Card,76,Toronto
2023-05-13,A&W,Vegan,7.765241162,51.64455443,37.54590001,1.222911943,Credit Card,119,Toronto
2023-05-14,Subway,Japanese,5.211565047,22.44163644,59.09985033,4.646911393,Cash,158,Toronto
2023-05-15,Burger King,Japanese,3.268993156,39.03809611,52.31462583,3.808330268,Gift Card,126,Toronto
2023-05-16,KFC,Italian,9.055937358,50.57949427,49.49639777,3.02955906,Gift Card,99,Toronto
2023-05-17,A&W,Vegan,8.590224721,39.86389617,41.48165259,2.766015693,PayPal,173,Toronto
2023-05-18,KFC,Mexican,7.773772422,43.23747353,53.59991042,1.522690522,Cash,68,Toronto
2023-05-19,Dominos,Indian,4.172376379,39.97095202,33.57291343,2.163997558,Gift Card,50,Toronto
2023-05-20,Subway,Chinese,5.219573099,18.52742921,48.35596451,4.47583642,Credit Card,89,Toronto
2023-05-21,Dominos,Japanese,2.82198602,69.15304957,59.75135902,4.617811246,PayPal,71,Toronto
2023-05-22,Pizza Hut,Fast Food,3.512316198,65.76985573,32.58515636,1.002990833,Debit Card,161,Toronto
2023-05-23,Dominos,Indian,8.264133099,70.53759737,46.9607014,3.376545566,Credit Card,89,Toronto
2023-05-24,Pizza Hut,American,7.720309751,31.34634116,53.77259457,3.877202436,Cash,87,Toronto
2023-05-25,Pizza Hut,Vegan,6.747886104,40.13063604,56.63230333,3.47498793,Gift Card,97,Toronto
2023-05-26,A&W,Mediterranean,9.165813807,67.66735379,48.71730764,1.326719059,Credit Card,124,Toronto
2023-05-27,KFC,Chinese,6.666132143,65.96834332,31.34431694,1.870899595,Debit Card,156,Toronto
2023-05-28,Burger King,Fast Food,5.735744,58.0380763,33.05128606,2.00136107,Debit Card,57,Toronto
2023-05-29,Dominos,Indian,4.72296597,44.78512625,20.83032128,4.326898525,Cash,135,Toronto
2023-05-30,Subway,Vegan,9.523588046,92.59913541,50.43543911,2.852797745,Credit Card,117,Toronto
2023-05-31,Pizza Hut,Italian,2.661723692,43.8804706,21.70958424,2.947312848,PayPal,124,Toronto
2023-06-01,KFC,American,9.447098976,53.7276283,54.58609418,4.739572186,Credit Card,186,Toronto
2023-06-02,McDonalds,Chinese,8.613717279,72.63967563,24.74642458,3.548343555,Debit Card,139,Toronto
2023-06-03,Starbucks,Mexican,3.039439396,61.15682162,26.87506049,4.594670806,Cash,179,Toronto
2023-06-04,A&W,Italian,6.519874861,44.48530799,39.06105883,2.826035421,Cash,129,Toronto
2023-06-05,Burger King,Fast Food,8.932383854,52.02980719,49.51521661,1.597745034,PayPal,144,Toronto
2023-06-06,Taco Bell,Chinese,6.574473309,82.53086952,25.56008821,4.719742376,Cash,119,Toronto
2023-06-07,A&W,Italian,9.257598572,38.64097822,37.602843,2.834820463,Cash,139,Toronto
2023-06-08,McDonalds,American,9.543870535,27.09169538,39.31405098,1.726525688,Cash,108,Toronto
2023-06-09,Starbucks,Mexican,5.379076177,41.61887216,28.49142567,2.209582961,Cash,196,Toronto
2023-06-10,McDonalds,Italian,5.018509291,87.21040832,24.62233507,1.203210359,Cash,77,Toronto
2023-06-11,Dominos,Thai,9.490569232,22.56412576,53.45683692,2.873202366,Debit Card,121,Toronto
2023-06-12,Pizza Hut,Mexican,7.401120489,99.29416624,40.09862599,4.412512688,Credit Card,63,Toronto
2023-06-13,Burger King,Fast Food,2.928181451,60.98524641,20.57524944,4.734321824,Gift Card,73,Toronto
2023-06-14,Chipotle,American,2.338333994,98.71188824,52.11925205,4.73040883,Cash,161,Toronto
2023-06-15,Pizza Hut,Vegan,6.517032408,94.81469588,59.23175222,1.500920103,Gift Card,93,Toronto
2023-06-16,Chipotle,Mediterranean,9.441367724,53.48916571,44.23704782,2.52821553,Gift Card,105,Toronto
2023-06-17,Starbucks,Mediterranean,8.753989619,31.87174134,40.14833548,1.112915039,Debit Card,169,Toronto
2023-06-18,KFC,Mediterranean,7.406781972,29.01520601,55.13663452,4.42066138,Cash,81,Toronto
2023-06-19,Taco Bell,Chinese,3.112926791,35.39909593,58.10067159,2.435023048,Gift Card,74,Toronto
2023-06-20,Subway,Fast Food,4.03385107,75.36127445,50.18147664,3.524468112,Cash,165,Toronto
2023-06-21,Pizza Hut,American,9.004089812,38.20074955,37.81811719,3.859593752,PayPal,115,Toronto
2023-06-22,Burger King,Mexican,3.462457893,44.02114792,43.68885597,2.719378679,PayPal,91,Toronto
2023-06-23,McDonalds,Chinese,4.227515266,53.14619834,48.0374146,2.225769346,PayPal,125,Toronto
2023-06-24,Burger King,Fast Food,3.03680521,92.62477784,27.77094284,4.84885164,Gift Card,186,Toronto
2023-06-25,Starbucks,Vegan,7.408865851,31.09844052,37.88804129,4.8579529,PayPal,87,Toronto
2023-06-26,Chipotle,Thai,9.551858443,15.42725697,53.19285059,2.157745472,Debit Card,110,Toronto
2023-06-27,McDonalds,American,4.151744253,20.10819488,46.18901394,2.918500387,Debit Card,138,Toronto
2023-06-28,Subway,Mediterranean,5.803252863,91.90513904,36.44816269,4.891376635,Gift Card,67,Toronto
2023-06-29,Subway,Italian,7.074717918,70.03889951,46.53450136,1.019473631,Cash,119,Toronto
2023-06-30,Pizza Hut,American,9.995729986,38.20845264,24.72889648,2.650712994,Credit Card,131,Toronto
2023-07-01,Starbucks,Japanese,2.83846452,30.06136259,36.05990442,1.401830199,Cash,165,Toronto
2023-07-02,KFC,Fast Food,5.988566396,40.01267261,51.72514152,3.036631862,Cash,129,Toronto
2023-07-03,Starbucks,Indian,5.080960959,24.75773882,28.82035149,1.098679818,Cash,64,Toronto
2023-07-04,Chipotle,Vegan,8.926561322,95.03029737,27.4384603,2.627593726,Cash,62,Toronto
2023-07-05,Burger King,Thai,5.807741848,81.65752482,58.0327464,1.882796299,Credit Card,168,Toronto
2023-07-06,Subway,Vegan,2.887820197,54.30325004,28.39590518,3.13323345,PayPal,92,Toronto
2023-07-07,Burger King,American,7.075393162,88.52182143,30.43674319,4.983974596,Cash,106,Toronto
2023-07-08,Burger King,Indian,8.166244946,36.20394736,58.78463756,4.202144421,Debit Card,66,Toronto
2023-07-09,Burger King,Japanese,2.023050013,75.95524832,49.38834281,4.382568366,Gift Card,81,Toronto
2023-07-10,Subway,Mexican,8.871653483,87.77126242,47.98386132,3.541059949,Gift Card,199,Toronto
2023-07-11,A&W,Italian,3.488184,45.32534049,54.11705535,1.166239393,Debit Card,104,Toronto
2023-07-12,Dominos,Indian,6.416554917,79.38447786,24.63292329,1.827190704,Cash,62,Toronto
2023-07-13,Chipotle,Fast Food,5.326380005,40.08114969,48.23824946,4.700258226,Credit Card,96,Toronto
2023-07-14,A&W,Mediterranean,7.757230533,40.4028565,40.14754437,2.464452472,PayPal,136,Toronto
2023-07-15,Chipotle,Japanese,4.969292918,24.09986018,53.16602561,1.414546906,Gift Card,111,Toronto
2023-07-16,McDonalds,Italian,8.958105413,52.40493395,40.32566875,3.809621463,PayPal,78,Toronto
2023-07-17,Starbucks,Thai,7.843970888,77.02551205,44.80965417,2.197830896,Credit Card,71,Toronto
2023-07-18,Starbucks,Mediterranean,7.181705369,94.91876847,39.10968506,2.075427652,Gift Card,114,Toronto
2023-07-19,Taco Bell,American,8.369924765,66.32274431,39.12635694,4.991909822,PayPal,78,Toronto
2023-07-20,Starbucks,Indian,8.032184279,88.36652071,50.71879912,4.4325557,Credit Card,97,Toronto
2023-07-21,Subway,Italian,2.287509399,84.91204519,45.14265603,2.631751273,PayPal,54,Toronto
2023-07-22,KFC,Chinese,5.157874831,29.7341595,45.33052806,4.921044831,Cash,150,Toronto
2023-07-23,Pizza Hut,Mexican,9.446458379,56.29448146,38.01129935,3.600452894,Credit Card,120,Toronto
2023-07-24,Taco Bell,Mexican,3.005794152,24.93850052,41.24437985,3.968089808,PayPal,190,Toronto
2023-07-25,Pizza Hut,Japanese,7.896772403,72.98301873,49.82870665,1.126052172,Cash,187,Toronto
2023-07-26,Chipotle,Thai,9.796734491,95.7414718,53.03763676,1.486421037,Cash,115,Toronto
2023-07-27,Pizza Hut,Japanese,2.417589032,26.65260394,47.86245609,3.532340506,Credit Card,121,Toronto
2023-07-28,Pizza Hut,Chinese,7.457551045,77.38006612,56.96291955,4.596095931,Debit Card,74,Toronto
2023-07-29,Taco Bell,Fast Food,5.74523313,68.74024282,52.81296353,3.494974904,Gift Card,109,Toronto
2023-07-30,McDonalds,Thai,6.633402043,64.60642815,42.47455159,1.536099577,Credit Card,89,Toronto
2023-07-31,Burger King,Vegan,2.682730692,48.16021995,46.85624291,1.463040185,Cash,56,Toronto
2023-08-01,Starbucks,Fast Food,2.344055615,45.18619006,57.05233108,4.376743583,Cash,95,Toronto
2023-08-02,Starbucks,Thai,7.334933284,18.84618107,44.76672177,1.557209355,Credit Card,135,Toronto
2023-08-03,Subway,Thai,8.586475439,33.5222402,52.99227792,3.080927842,Debit Card,190,Toronto
2023-08-04,Taco Bell,Chinese,8.256122679,16.29003499,47.55242014,1.14845328,Gift Card,70,Toronto
2023-08-05,Subway,American,6.350445823,64.42045397,42.07745444,1.32267907,PayPal,50,Toronto
2023-08-06,KFC,Chinese,2.798934569,23.99752505,29.67352782,3.689393071,Credit Card,172,Toronto
2023-08-07,KFC,Thai,7.504355551,89.20664849,37.03990078,3.756725642,Gift Card,196,Toronto
2023-08-08,Subway,Italian,3.935111068,59.46715676,58.70971299,2.365877626,Gift Card,174,Toronto
2023-08-09,Taco Bell,Fast Food,9.288549622,74.47364227,46.31061533,1.862439061,Cash,82,Toronto
2023-08-10,Subway,Chinese,8.706122876,49.92285281,42.57581521,4.254841083,PayPal,53,Toronto
2023-08-11,Starbucks,American,7.675063737,62.64928377,57.31826502,1.868412918,Credit Card,52,Toronto
2023-08-12,A&W,Indian,9.590767647,95.12603004,43.46047124,3.168108279,Cash,140,Toronto
2023-08-13,Dominos,Japanese,2.251374572,22.03239337,41.04330074,4.872835363,Cash,101,Toronto
2023-08-14,Pizza Hut,Thai,7.8896034,36.58471061,50.37243421,1.591409751,Debit Card,77,Toronto
2023-08-15,Dominos,Vegan,4.641942235,81.29900779,48.50662476,4.76350507,Gift Card,119,Toronto
2023-08-16,Taco Bell,Indian,9.248527085,23.39266259,27.72640034,1.731572212,Credit Card,106,Toronto
2023-08-17,Dominos,Mexican,4.133401573,21.43119383,38.85233098,3.269772832,Credit Card,157,Toronto
2023-08-18,KFC,Mediterranean,7.798851995,45.73101889,38.90061771,2.508030848,Credit Card,193,Toronto
2023-08-19,Chipotle,American,9.021176157,22.83427647,35.12898061,4.859714406,Cash,73,Toronto
2023-08-20,Pizza Hut,Vegan,2.333254547,64.73166759,40.69173929,2.094168116,Debit Card,126,Toronto
2023-08-21,Burger King,Mediterranean,5.181180637,34.23339632,36.52429591,2.598632008,PayPal,125,Toronto
2023-08-22,Taco Bell,American,8.098472256,91.13432687,27.97381958,4.931440471,Cash,118,Toronto
2023-08-23,Pizza Hut,Italian,5.639351116,81.59750687,36.49465949,3.145881565,PayPal,150,Toronto
2023-08-24,Dominos,Japanese,4.138021038,74.47494252,22.8910779,3.010520462,Debit Card,141,Toronto
2023-08-25,KFC,Indian,3.758442791,67.44024233,43.03143451,2.031113953,Gift Card,141,Toronto
2023-08-26,McDonalds,Fast Food,3.052146135,88.39458708,54.14618196,3.805454241,Credit Card,79,Toronto
2023-08-27,A&W,American,8.857036479,33.96027523,49.01148337,1.057491807,PayPal,67,Toronto
2023-08-28,Burger King,Fast Food,6.602843226,89.21425163,34.4157616,1.198050519,Cash,93,Toronto
2023-08-29,A&W,Japanese,2.61107956,82.10684537,23.48284822,3.397434349,PayPal,148,Toronto
2023-08-30,Pizza Hut,Thai,5.060642589,78.59367024,28.08597597,2.366698295,Gift Card,170,Toronto
2023-08-31,KFC,Mexican,4.941869206,62.70673264,41.81961362,4.813265489,Credit Card,164,Toronto
2023-09-01,KFC,Indian,3.453913526,35.93075368,28.28228334,4.612762763,PayPal,109,Toronto
2023-09-02,Dominos,Japanese,5.484061004,51.00157286,41.75892445,3.854825035,Gift Card,195,Toronto
2023-09-03,Starbucks,Japanese,4.656794923,82.45350564,29.26396099,4.272582325,Cash,105,Toronto
2023-09-04,Dominos,Italian,4.734429644,17.70117117,53.95695478,3.669327399,Debit Card,80,Toronto
2023-09-05,Starbucks,Mediterranean,7.912212462,81.47431539,35.89085891,1.502328411,Cash,150,Toronto
2023-09-06,Starbucks,Mexican,3.786107084,35.40601294,29.82202504,4.062173479,Credit Card,108,Toronto
2023-09-07,Burger King,Indian,7.134879671,27.26628206,52.49304721,1.840767875,Cash,173,Toronto
2023-09-08,Dominos,Thai,6.565196991,24.83461205,33.71355859,2.29377142,Cash,179,Toronto
2023-09-09,McDonalds,Thai,6.544740099,17.31625102,24.45950751,4.276936848,Cash,146,Toronto
2023-09-10,Subway,Chinese,7.304058769,59.50485124,42.81637966,3.146102434,Cash,156,Toronto
2023-09-11,Subway,Japanese,6.38705629,33.55208918,43.26256818,4.439762857,Credit Card,67,Toronto
2023-09-12,Dominos,American,9.034040919,99.10170009,48.58782701,1.852141279,Gift Card,194,Toronto
2023-09-13,Dominos,Italian,7.404640736,63.82712425,29.60877733,3.431113754,PayPal,120,Toronto
2023-09-14,A&W,Mexican,6.375706011,26.7202479,37.75085356,1.33516389,Debit Card,155,Toronto
2023-09-15,Burger King,Thai,8.638104962,73.54481597,31.29471676,3.572243974,PayPal,103,Toronto
2023-09-16,Dominos,Indian,6.849172519,91.30820315,23.23814944,4.050136151,PayPal,143,Toronto
2023-09-17,A&W,Chinese,4.329153982,78.34025711,55.06455308,3.339723576,Debit Card,125,Toronto
2023-09-18,Starbucks,Indian,3.656759345,21.49738819,49.15479218,2.064926006,Credit Card,84,Toronto
2023-09-19,KFC,Italian,3.218622285,91.1501554,32.05852238,1.125370675,Debit Card,60,Toronto
2023-09-20,KFC,American,9.1956417,82.4839978,43.97491971,1.477795536,Credit Card,110,Toronto
2023-09-21,Starbucks,Chinese,7.681083454,28.45583151,28.05055153,3.489211916,PayPal,93,Toronto
2023-09-22,Taco Bell,Chinese,9.499027505,19.40180054,55.60946487,4.737680867,Credit Card,170,Toronto
2023-09-23,A&W,Mediterranean,6.826334446,62.3713989,24.59625373,1.826137616,Gift Card,117,Toronto
2023-09-24,A&W,Mexican,5.787207052,28.26304396,20.15348582,3.940104596,Debit Card,74,Toronto
2023-09-25,Starbucks,Chinese,2.477731912,85.94023097,40.08032791,4.465804253,Gift Card,133,Toronto
2023-09-26,McDonalds,Mediterranean,7.373138252,45.45844582,43.32511294,3.083528714,PayPal,163,Toronto
2023-09-27,Chipotle,Mediterranean,6.657670078,92.5958578,43.15861281,3.677063183,Debit Card,181,Toronto
2023-09-28,Pizza Hut,Italian,9.921671149,63.08349463,22.1804771,4.260061267,PayPal,50,Toronto
2023-09-29,Starbucks,Fast Food,3.913270222,30.52715266,32.56175228,2.042700631,Gift Card,180,Toronto
2023-09-30,Dominos,Indian,6.245898842,26.86590373,39.96795787,2.187582697,PayPal,135,Toronto
2023-10-01,Dominos,American,7.207658681,64.00015719,28.66316743,1.002510067,Debit Card,111,Toronto
2023-10-02,Burger King,Vegan,7.156729398,79.76010701,54.90503542,4.852376524,Debit Card,113,Toronto
2023-10-03,Starbucks,Indian,6.490348344,81.42798006,23.48437158,4.670179578,PayPal,194,Toronto
2023-10-04,Burger King,Chinese,8.215424083,38.43937938,39.49537767,4.058273055,Debit Card,175,Toronto
2023-10-05,Starbucks,American,3.639849676,32.36097451,47.6566423,1.316304084,Debit Card,154,Toronto
2023-10-06,A&W,Thai,7.805017602,16.42428588,30.47004401,2.790011559,PayPal,111,Toronto
2023-10-07,Pizza Hut,Fast Food,6.957876571,72.73192785,44.96962948,1.407567016,Gift Card,84,Toronto
2023-10-08,A&W,Thai,9.168600894,21.50830197,53.17540601,1.063681069,Debit Card,62,Toronto
2023-10-09,Chipotle,Thai,8.777555512,50.76470215,27.613479,3.464731861,Debit Card,92,Toronto
2023-10-10,KFC,Mexican,4.521176313,66.14298394,56.68882367,4.843317668,Debit Card,179,Toronto
2023-10-11,Subway,Indian,4.2098986,94.65426032,42.14234131,4.611472094,Debit Card,160,Toronto
2023-10-12,Starbucks,Vegan,9.853226591,41.50318164,31.96928017,3.78701926,PayPal,177,Toronto
2023-10-13,Chipotle,Italian,6.218121447,36.23063381,37.23433102,1.386562337,Gift Card,100,Toronto
2023-10-14,KFC,Vegan,9.251367711,70.60361311,32.48767535,2.096656151,Gift Card,193,Toronto
2023-10-15,Taco Bell,Thai,3.31104819,67.63531772,49.0044464,2.280226908,Credit Card,195,Toronto
2023-10-16,Pizza Hut,Chinese,7.142551318,43.22933158,51.85202654,4.052600231,Debit Card,184,Toronto
2023-10-17,Burger King,Fast Food,8.478881499,93.88865602,53.31749569,4.208996717,Debit Card,94,Toronto
2023-10-18,Burger King,Japanese,9.579161997,86.81329784,59.43072998,2.540424492,Credit Card,91,Toronto
2023-10-19,A&W,Vegan,4.698721128,34.0385164,51.6513717,2.671535986,Gift Card,184,Toronto
2023-10-20,Dominos,Thai,7.799849359,35.32711636,44.05536283,1.178036157,Cash,64,Toronto
2023-10-21,KFC,Fast Food,6.310504072,58.54552949,33.56881194,2.156546874,Cash,109,Toronto
2023-10-22,Taco Bell,American,2.485031409,80.75362865,41.78381795,2.805140709,Gift Card,89,Toronto
2023-10-23,Chipotle,Indian,7.519997898,18.74343225,21.64272691,1.467932186,Debit Card,161,Toronto
2023-10-24,Pizza Hut,Mediterranean,7.520772466,73.93348807,49.79300302,2.813069843,Cash,126,Toronto
2023-10-25,KFC,Mexican,9.444854439,70.10005128,37.8382218,4.412703249,PayPal,154,Toronto
2023-10-26,Taco Bell,Fast Food,5.978499569,34.67580815,20.80092919,3.325284079,PayPal,156,Toronto
2023-10-27,Subway,Chinese,3.842007366,72.91500613,22.50027766,1.31571942,Credit Card,171,Toronto
2023-10-28,Starbucks,Chinese,2.356510588,94.91557126,35.49865855,1.766685275,Gift Card,129,Toronto
2023-10-29,Burger King,Fast Food,5.325137493,18.97679682,43.33686076,2.898177401,Gift Card,174,Toronto
2023-10-30,Chipotle,Chinese,4.415333601,42.1704247,38.56815796,2.445948599,Cash,183,Toronto
2023-10-31,Burger King,Indian,8.088706448,52.24502092,44.76817269,2.434908078,Debit Card,81,Toronto
2023-11-01,Chipotle,Chinese,4.834142119,91.43713051,39.21177035,3.117069793,Gift Card,157,Toronto
2023-11-02,A&W,Vegan,9.592569571,96.79222296,46.46815382,3.337583686,Cash,163,Toronto
2023-11-03,Dominos,Mediterranean,9.698481624,52.74979595,28.76504259,4.187446281,Cash,195,Toronto
2023-11-04,Chipotle,Chinese,6.967268722,78.75241503,24.51372749,2.363866254,Gift Card,117,Toronto
2023-11-05,Burger King,Mediterranean,9.429282296,60.19118702,43.85735819,4.221865132,Cash,176,Toronto
2023-11-06,A&W,Thai,8.086834756,60.71154945,39.38758068,2.354444916,Credit Card,184,Toronto
2023-11-07,Chipotle,Italian,6.374877128,38.63845878,21.07470616,1.221731956,Credit Card,163,Toronto
2023-11-08,Subway,Indian,3.442463483,33.4412809,35.21927542,3.216750604,Gift Card,57,Toronto
2023-11-09,Dominos,Italian,5.668783548,39.4804544,24.24502342,3.3516093,Debit Card,113,Toronto
2023-11-10,Chipotle,Thai,6.486995707,62.28788062,41.25427327,4.738160982,Credit Card,184,Toronto
2023-11-11,A&W,Indian,8.911692646,17.47819081,35.83110719,3.904245304,Credit Card,90,Toronto
2023-11-12,KFC,Fast Food,5.850667012,92.11616027,44.52607644,4.67109061,Gift Card,89,Toronto
2023-11-13,McDonalds,Fast Food,9.181397381,28.28411531,52.22408875,4.633388841,PayPal,52,Toronto
2023-11-14,Taco Bell,Mediterranean,7.394791832,33.70753753,31.98674735,3.418296441,Cash,194,Toronto
2023-11-15,McDonalds,Thai,3.095992504,59.053475,58.48408417,3.111048261,Credit Card,159,Toronto
2023-11-16,McDonalds,Mediterranean,9.959850955,75.35975514,41.42538002,3.229763869,PayPal,163,Toronto
2023-11-17,Pizza Hut,Mexican,6.217861286,23.13696965,44.73163195,4.913323231,Debit Card,161,Toronto
2023-11-18,Subway,Chinese,5.134866371,42.00404929,47.22689493,4.092670767,PayPal,199,Toronto
2023-11-19,KFC,Japanese,7.272910116,97.33734147,46.66926119,1.425063619,Gift Card,53,Toronto
2023-11-20,Starbucks,Mexican,2.871146512,37.29915218,40.43882972,4.113713627,Debit Card,183,Toronto
2023-11-21,Chipotle,Chinese,7.092309174,41.60926233,37.15057164,1.682152196,Debit Card,75,Toronto
2023-11-22,Taco Bell,Indian,5.985888004,86.1023717,22.15127857,2.789402196,PayPal,188,Toronto
2023-11-23,Dominos,Mediterranean,5.25339256,19.26822669,20.88343381,1.841838689,Gift Card,66,Toronto
2023-11-24,KFC,Indian,9.624160169,54.49211935,34.31844778,3.758332262,Credit Card,141,Toronto
2023-11-25,Burger King,Indian,6.180317734,47.26742498,33.34643563,4.509238945,PayPal,80,Toronto
2023-11-26,Starbucks,Chinese,3.752939836,41.90987459,35.50780619,2.161447541,Credit Card,193,Toronto
2023-11-27,Pizza Hut,Thai,5.671707835,39.28446549,25.53472804,1.328042965,PayPal,156,Toronto
2023-11-28,Pizza Hut,Chinese,9.355099237,22.76679891,49.52673082,2.193972392,Credit Card,195,Toronto
2023-11-29,KFC,American,3.408763771,41.76019549,54.27857659,3.689447432,PayPal,160,Toronto
2023-11-30,A&W,Fast Food,3.71165631,18.65945423,57.54858541,2.31504051,Debit Card,150,Toronto
2023-12-01,McDonalds,Fast Food,2.104236542,81.38192841,39.69449214,2.11244867,Cash,161,Toronto
2023-12-02,Burger King,Mexican,2.113520395,48.84936249,48.03462797,1.737740762,Debit Card,111,Toronto
2023-12-03,Pizza Hut,Fast Food,8.635133016,52.73182575,54.22204494,2.990065707,Credit Card,161,Toronto
2023-12-04,Taco Bell,Chinese,7.856980855,90.95553985,36.73164444,2.103795313,Gift Card,165,Toronto
2023-12-05,Pizza Hut,Vegan,4.840328452,70.93467363,32.37651179,3.924041397,Debit Card,84,Toronto
2023-12-06,Dominos,Mediterranean,7.586489258,15.68502378,57.46898223,1.306489608,Cash,77,Toronto
2023-12-07,Chipotle,Chinese,5.16164741,95.16985995,40.62706204,3.656132132,Credit Card,152,Toronto
2023-12-08,Pizza Hut,Chinese,9.623174368,35.15727961,39.89015546,1.950240058,Debit Card,174,Toronto
2023-12-09,Dominos,Japanese,9.736421451,24.1472057,27.13664386,2.957117044,PayPal,151,Toronto
2023-12-10,KFC,Mediterranean,5.142350206,80.29089516,24.32620058,2.144359688,Gift Card,186,Toronto
2023-12-11,KFC,American,8.833775251,57.54057185,53.6842745,3.891074704,Credit Card,192,Toronto
2023-12-12,Starbucks,Fast Food,8.184712334,51.87049811,44.56532705,4.781228161,Debit Card,70,Toronto
2023-12-13,Pizza Hut,Mediterranean,4.479999497,36.20776177,33.03298336,4.668307118,Credit Card,101,Toronto
2023-12-14,Taco Bell,Fast Food,3.856318631,61.53507664,27.6694487,3.333704861,PayPal,146,Toronto
2023-12-15,Pizza Hut,Mexican,5.665877203,38.32269144,42.21989121,2.850441213,Cash,100,Toronto
2023-12-16,Taco Bell,Mediterranean,8.250790725,91.63455545,43.35677157,4.273202038,Debit Card,132,Toronto
2023-12-17,Subway,Fast Food,9.681342278,33.29238078,28.27974405,3.733305451,Credit Card,104,Toronto
2023-12-18,Starbucks,American,8.108632551,90.17018779,54.05622992,1.734256457,Credit Card,126,Toronto
2023-12-19,Subway,Italian,8.84165588,62.54946119,23.37057465,4.283676854,Credit Card,176,Toronto
2023-12-20,Pizza Hut,Indian,6.824514449,85.42149138,34.24372341,2.715537558,Cash,142,Toronto
2023-12-21,Starbucks,Indian,8.683262647,75.59190965,47.21537655,1.75594264,Credit Card,137,Toronto
2023-12-22,Subway,American,8.275366864,74.21908447,30.96481455,2.127189402,Gift Card,129,Toronto
2023-12-23,McDonalds,Japanese,5.015884335,42.56939365,53.10700779,2.070108121,Gift Card,141,Toronto
2023-12-24,Pizza Hut,Italian,6.415922417,34.88123918,49.59471306,3.076827898,Credit Card,96,Toronto
2023-12-25,Subway,Mexican,8.438024976,32.92532935,51.56091378,1.937480363,Gift Card,87,Toronto
2023-12-26,McDonalds,American,2.368453874,87.86129085,24.76426144,1.49426595,Debit Card,188,Toronto
2023-12-27,McDonalds,Indian,8.464634259,84.73627972,25.62188512,1.494763402,Gift Card,64,Toronto
2023-12-28,KFC,Indian,3.423104992,52.44874988,31.45894951,3.333104789,Credit Card,50,Toronto
2023-12-29,Pizza Hut,Indian,6.117468937,26.25439215,40.72308661,3.939037155,PayPal,184,Toronto
2023-12-30,McDonalds,Thai,8.466203516,47.49144142,49.92064307,2.286132035,Debit Card,50,Toronto
2023-12-31,KFC,American,4.030568625,67.6441936,53.46123563,1.138602839,Cash,98,Toronto
